theta_1dot = -0.003666
theta_2 = -0.551422
t_1 = 531.017000
t_2 = 1101.365000
dm_pg/dm = -0.507172
dm_pg/dW = 0.286746
