theta_1dot = -0.004361
theta_2 = -0.724821
t_1 = 448.308000
t_2 = 1357.341000
dm_pg/dm = -0.499159
dm_pg/dW = 0.289471
