% # columns="iteration, evaluation, sigma, max axis length,  min axis length, all principal axes lengths  (sorted square roots of eigenvalues of C)", seed=780893, Sun Jun 28 20:34:33 2026
1 9 0.9230839692320281 1.0000428580612375 1.0 1.0 1.0000071428826531 1.000014285816327 1.000021428801022 1.0000285718367385 1.0000357149234769 1.0000428580612375
2 18 0.8489179735911921 1.0347816641382845 0.8991847671553634 0.8991847671553634 0.946285276119505 0.9878326467344957 0.9971887274228078 1.002865940397747 1.0137478636696275 1.0347816641382845
3 27 0.935834350525028 1.0814140107749564 0.8531946502689111 0.8531946502689111 0.9177714076263965 0.9392301723166925 0.9875007467639373 0.9938448323646508 1.0367042235414707 1.0814140107749564
4 36 1.0042561128374452 1.227121915441833 0.7979749139304022 0.7979749139304022 0.9077656519070868 0.9262043775142786 0.9656302120297598 0.999070633430139 1.036311370240264 1.227121915441833
5 45 1.0385353230460357 1.2717408248961029 0.8278104695405549 0.8278104695405549 0.8549713441757955 0.9089377681320489 0.9430050582997744 1.00271032011773 1.0427956116864128 1.2717408248961029
6 54 1.0197593674502776 1.28425138112556 0.8107457518151072 0.8107457518151072 0.8435576396902273 0.8588748793504801 0.9205557891050978 1.0026327117497744 1.0961049745957367 1.28425138112556
7 63 0.9165318384214991 1.2927605227760806 0.8063165863333326 0.8063165863333326 0.8409035163304026 0.8808097029283506 0.9707651321844324 0.9965884056080248 1.0634750699947397 1.2927605227760806
8 72 1.0078985472717956 1.257304818455316 0.7847601185200622 0.7847601185200622 0.800492262158799 0.8793428707716607 0.9634955123848068 1.0325093491153345 1.0443067708169438 1.257304818455316
9 81 0.9964593376309652 1.4212252016955742 0.7330217541324614 0.7330217541324614 0.7760036085513798 0.8834377030914811 0.9614472703746019 1.0206289235464183 1.058946339872601 1.4212252016955742
10 90 0.9478003698993681 1.390191551150595 0.6908469339868544 0.6908469339868544 0.7818252066833264 0.8983913928592983 0.9670835548107879 0.9924142365241291 1.0391377682167595 1.390191551150595
11 99 0.8221866749270549 1.4015801329176287 0.6835807053898144 0.6835807053898144 0.724278786707286 0.8765218583008312 0.9454688207575167 1.0152450542825622 1.0198203587382544 1.4015801329176287
12 108 0.7536955091118533 1.3684190564713028 0.6396460888345044 0.6396460888345044 0.7162362528501326 0.8532902174704438 0.9447344767198212 0.9810485940467777 1.0388129215856494 1.3684190564713028
13 117 0.6994552813224818 1.3884567802990053 0.597319366170355 0.597319366170355 0.6703020341225652 0.8498804476218449 0.9336510963312422 0.9812925190182056 1.0401703979301336 1.3884567802990053
14 126 0.6428151476070041 1.3736467877831098 0.5606685435820309 0.5606685435820309 0.6770786641609897 0.8519705977330617 0.9046661430733287 0.949396698794705 1.0316405070291725 1.3736467877831098
15 135 0.6007994191311472 1.3807692738531323 0.524525895677954 0.524525895677954 0.6755505813480553 0.8358149334962082 0.9030162375840879 0.9141047894032013 0.9969943459417866 1.3807692738531323
16 144 0.6101223907765977 1.3932780928761332 0.5033243899120053 0.5033243899120053 0.6659163967744794 0.82333887983238 0.8821789440359505 0.9049771646802949 0.9862990760416321 1.3932780928761332
17 153 0.6367049910064164 1.3555053757128537 0.49637734077406054 0.49637734077406054 0.6609751794309645 0.8499688812088054 0.8779314822855941 0.9006423226297433 0.9563121228267977 1.3555053757128537
18 162 0.6277636753584678 1.3433296947413664 0.5013907608071435 0.5013907608071435 0.6563690496358338 0.823785017278867 0.8490971885417267 0.9166123166677459 0.9696278594412386 1.3433296947413664
19 171 0.5876953520635696 1.3576566858551329 0.4683344978392999 0.4683344978392999 0.6156197737462364 0.817928814961442 0.8603391705561515 0.9274877975948053 0.9767159734414584 1.3576566858551329
20 180 0.6175547378382038 1.4594126225876125 0.45665544752246084 0.45665544752246084 0.6004746658233838 0.7625796027117507 0.8555520115890909 0.9139676847535173 0.9884623592687104 1.4594126225876125
21 189 0.6076578306428758 1.4725875129192967 0.45073679667461264 0.45073679667461264 0.5921734068658121 0.7365328887072229 0.8620391842836803 0.9246829932372894 1.0050731710420726 1.4725875129192967
22 198 0.5689288831684467 1.4549068771527136 0.4296246897431012 0.4296246897431012 0.6217670120035521 0.7387903506438547 0.8276463247193355 0.9206529311735779 0.9714357761681258 1.4549068771527136
23 207 0.5188505043880968 1.3786157255124405 0.4203116311087642 0.4203116311087642 0.6292623176200479 0.7219006275552462 0.8380075038003454 0.9044757498115656 0.9429328908881016 1.3786157255124405
24 216 0.47959678004944306 1.368427178264896 0.40199073546759717 0.40199073546759717 0.6444271140295559 0.7161789284610135 0.811300859188042 0.9131497462499539 0.9243026649205229 1.368427178264896
25 225 0.4600751503372919 1.358241712898679 0.3877988521730111 0.3877988521730111 0.6437053588232151 0.7250298904600538 0.7554351097405807 0.908766155540809 0.9391857803156178 1.358241712898679
26 234 0.4452599154471489 1.3722903493990857 0.34894989403666826 0.34894989403666826 0.6266018399090503 0.6997455008449529 0.761385970233803 0.9353002949376017 0.9606744538306898 1.3722903493990857
27 243 0.45360531595574183 1.363861280308481 0.3426874528730101 0.3426874528730101 0.6257121179950055 0.7087983727154418 0.7658953488365026 0.8830674546612833 0.9465131887524947 1.363861280308481
28 252 0.4275260319244764 1.364704929756092 0.34083427907520164 0.34083427907520164 0.6114413650994708 0.6839436483731436 0.7886622306027878 0.8800872208911747 0.9464217560903728 1.364704929756092
29 261 0.41873575550612546 1.3656657340176634 0.31212673721504064 0.31212673721504064 0.6070377220377794 0.6640336838422995 0.7936896507594482 0.8753487471909086 0.941514550473651 1.3656657340176634
30 270 0.4228062726416005 1.464014131488179 0.30619121496649215 0.30619121496649215 0.5810683408711552 0.6612115236873243 0.7900048304342496 0.8634248551849245 0.917496819935912 1.464014131488179
31 279 0.40204394878056954 1.5005729821586915 0.29683492230285785 0.29683492230285785 0.5427887838226014 0.6660029785202048 0.782609845303335 0.8944165087125353 0.9343652119400094 1.5005729821586915
32 288 0.3824927012861908 1.49713618321228 0.28263641917290644 0.28263641917290644 0.5295893272463965 0.6264283379855569 0.7853252449842001 0.8635714337629627 0.943874297065686 1.49713618321228
33 297 0.3892822052522446 1.5158007586714626 0.26692277650967255 0.26692277650967255 0.5295684330647397 0.6234028892509942 0.7537351703164246 0.8309038810645138 1.0072459012974235 1.5158007586714626
34 306 0.3570485051154934 1.6037806070121363 0.24182380453604954 0.24182380453604954 0.5233763059233946 0.6310122568103217 0.7525702638924574 0.8129256361041951 1.0527978873232193 1.6037806070121363
35 315 0.33944046740449707 1.62321159952579 0.23517251385280533 0.23517251385280533 0.521860580783666 0.6015869535075385 0.7337841774708167 0.8295645433327702 1.0163634675623958 1.62321159952579
36 324 0.35444844759000665 1.6180123786111424 0.22207350529665673 0.22207350529665673 0.5110095689290326 0.5990902828099265 0.7095154964832527 0.8460217163434456 1.0142087514890055 1.6180123786111424
37 333 0.354550235343559 1.676433386625366 0.22579128900221637 0.22579128900221637 0.5207929908091359 0.5876445041405206 0.6927715859363793 0.8052990137366142 1.0196969147328923 1.676433386625366
38 342 0.36440451001242685 1.7301045648048683 0.22283684880365182 0.22283684880365182 0.5220663579479097 0.6224034050934205 0.6581951326882838 0.7812620474926317 0.9802295155368312 1.7301045648048683
39 351 0.4032524284647982 1.82054095361891 0.21922981423815602 0.21922981423815602 0.516354972758185 0.6278056232755816 0.6440643052366789 0.7651066971626783 0.960093921417266 1.82054095361891
40 360 0.3858427171300858 1.8237343657884562 0.22241724409533997 0.22241724409533997 0.4970122413215879 0.60458939586799 0.7198120632226964 0.7666288467456192 0.9666549069311925 1.8237343657884562
41 369 0.3718456976569902 1.8125709202011426 0.21864684078781238 0.21864684078781238 0.49191139469931966 0.5627270612133967 0.7282546086238526 0.7305342990495791 0.9835951393443781 1.8125709202011426
42 378 0.3323203492789089 1.7351404729514408 0.21184386732591154 0.21184386732591154 0.5083046864667506 0.5661284168382861 0.6919606922580019 0.711754502862188 0.9774792341131798 1.7351404729514408
43 387 0.294369010459412 1.7111588109351201 0.1939676882143478 0.1939676882143478 0.5027988945776033 0.5546523917561004 0.6900604502661528 0.7289765343861344 0.9686171956911491 1.7111588109351201
44 396 0.2657931783023103 1.7121105692057432 0.17107875572529024 0.17107875572529024 0.4920730019616894 0.5523407168763721 0.6822773989509318 0.7240078480013467 0.9734764755354031 1.7121105692057432
45 405 0.22796825077329375 1.6845298392732033 0.1702194636774347 0.1702194636774347 0.4534210497180647 0.5539074673705895 0.6676303216182833 0.7213685782869248 0.970579274894707 1.6845298392732033
46 414 0.23136625912203648 1.636887914306133 0.15493598977889306 0.15493598977889306 0.4485619684901535 0.5419741416631673 0.6586816761924498 0.7192630227615681 0.9576218255120577 1.636887914306133
47 423 0.22867648095154075 1.6478522323464917 0.1547947366375714 0.1547947366375714 0.44402682379982483 0.5262325649113769 0.653349885058118 0.761561134313522 0.9055738326075561 1.6478522323464917
48 432 0.25878624425411373 1.6165559450258133 0.15045487948027247 0.15045487948027247 0.4358515960901086 0.5002481673663803 0.6442476853608278 0.7504696811261535 0.9200354399376208 1.6165559450258133
49 441 0.25951690035518066 1.7899336314625804 0.1470565655513254 0.1470565655513254 0.4020604345687152 0.4994126786044301 0.6522034028687314 0.7446475933198731 0.9519685680000538 1.7899336314625804
50 450 0.2506540749186287 1.8184901135824298 0.14516869534390575 0.14516869534390575 0.4016318844607936 0.4972862265821252 0.663244364728767 0.7210446694548386 0.8946761431047562 1.8184901135824298
51 459 0.2271237271856845 1.8282280141258431 0.13498441212538956 0.13498441212538956 0.39209584806503883 0.4664009587608071 0.6921649438332825 0.7343290935924593 0.9008454989904924 1.8282280141258431
52 468 0.2042347805950126 1.8031033126994864 0.13411120566184062 0.13411120566184062 0.3770184706905915 0.46927510840712494 0.6892014168194548 0.7603302944433388 0.8267673217961407 1.8031033126994864
53 477 0.19069236944663276 1.7780087096430757 0.13371364283421017 0.13371364283421017 0.36389302776602717 0.466368795456248 0.6652735100573527 0.7545956114396197 0.8129031808731135 1.7780087096430757
54 486 0.17771893258807253 1.7807832132161827 0.13264864759840506 0.13264864759840506 0.33595951546325764 0.4606382866507857 0.648227459671835 0.7738676572908426 0.8107960858947828 1.7807832132161827
55 495 0.17106274542061178 1.7455283686704999 0.12488640038772038 0.12488640038772038 0.33068124491955475 0.45046719535824536 0.6135755816085576 0.7689622176221093 0.8497512387829564 1.7455283686704999
56 504 0.16332438106761368 1.7029366108662312 0.1240713907018663 0.1240713907018663 0.32421347719115057 0.45302559041166 0.6141875264707303 0.7558547788237903 0.8204921515174549 1.7029366108662312
57 513 0.16656585518859307 1.6621287459659349 0.11763376456465577 0.11763376456465577 0.32691417312000515 0.439510868014545 0.6143333271479511 0.7649917715626438 0.8177414723666179 1.6621287459659349
58 522 0.16604923334729188 1.6318908718357827 0.10880372109608955 0.10880372109608955 0.3373817813184966 0.43155815390753577 0.6555231263440677 0.7629031598432232 0.7879416053285596 1.6318908718357827
59 531 0.16976344002417582 1.6196175814403222 0.1077563512794443 0.1077563512794443 0.31889444169517606 0.43670376583626014 0.6532993645016792 0.7334295578885304 0.7920254148135807 1.6196175814403222
60 540 0.17793578055708262 1.6416835624631403 0.104793716058691 0.104793716058691 0.31465134907970466 0.4285313749217222 0.6277914336382144 0.7705129663293689 0.7923491629907122 1.6416835624631403
61 549 0.16483746621713657 1.7873033204875353 0.10060019997555004 0.10060019997555004 0.3061601200274781 0.4142490735314769 0.6358769296299898 0.7444028949794709 0.8070124222478982 1.7873033204875353
62 558 0.18378619187452022 1.8225639694767497 0.09772794026760931 0.09772794026760931 0.29004852092018313 0.4085786623476479 0.6155067814628928 0.745570881796 0.7946350408242636 1.8225639694767497
63 567 0.18507399049156648 1.9622450947179213 0.09282191487561674 0.09282191487561674 0.28808814289775553 0.41303583772552654 0.6124138467063744 0.7259892913194333 0.8412868222708528 1.9622450947179213
64 576 0.16823879328749783 1.8890777427336118 0.08991894579192758 0.08991894579192758 0.28068462868502136 0.4020271001610269 0.6124871499949306 0.757020514421291 0.8470037516309098 1.8890777427336118
65 585 0.17369597640748577 1.92910984980902 0.08617810959630184 0.08617810959630184 0.2764794811693656 0.3964376624473687 0.618594584191248 0.7108291556083014 0.8266598602900815 1.92910984980902
66 594 0.17070746658777688 1.9417499474135629 0.08034743349093386 0.08034743349093386 0.27414084692891744 0.397366000348403 0.5988297528559406 0.7142142315683553 0.8665626416035997 1.9417499474135629
67 603 0.16499167619727373 1.883094199331989 0.0790428564716285 0.0790428564716285 0.2913102470143924 0.40547414924914776 0.5940189805290546 0.6782812946317684 0.8684298416106597 1.883094199331989
68 612 0.15908497961891976 1.8156786636525086 0.07963111034047435 0.07963111034047435 0.28512408561491004 0.41984620671920136 0.5881012437259634 0.6687969002132538 0.8634023665135839 1.8156786636525086
69 621 0.1468297833185647 1.745177279024476 0.0812470968925614 0.0812470968925614 0.2990993058391914 0.42612922212882 0.585396436669561 0.6684984573006862 0.821418132675382 1.745177279024476
70 630 0.1421067404075636 1.7248641389268229 0.07851743282593883 0.07851743282593883 0.28975940688099283 0.40909173243390107 0.5746880968536169 0.6622337412924889 0.8860663468995544 1.7248641389268229
71 639 0.13927633822165278 1.6669915997926672 0.08318073666743218 0.08318073666743218 0.29037095700455534 0.3966984622050477 0.5560179182139791 0.6593100561385754 0.8643832355976122 1.6669915997926672
72 648 0.14005093533140706 1.6311397097470743 0.07955557129894014 0.07955557129894014 0.2961687530731633 0.3810423137006832 0.573362812161712 0.6532156598987512 0.8717127771628967 1.6311397097470743
73 657 0.14468444236754477 1.5741948070407397 0.07876667305295129 0.07876667305295129 0.29412462666088435 0.3689930274434634 0.5842987028570439 0.6453896966015317 0.9005132026820234 1.5741948070407397
74 666 0.12967145583463627 1.5694803669767825 0.0727954701884555 0.0727954701884555 0.2924539247627351 0.37205179289060764 0.5673925155103456 0.6488559359618461 0.956013675592703 1.5694803669767825
75 675 0.1329627554202674 1.4847506811857973 0.07311478592096432 0.07311478592096432 0.28337647221620194 0.3633100616727642 0.5729814577812539 0.6385120958107497 1.025625498468582 1.4847506811857973
76 684 0.13680452986584427 1.455621198645117 0.06925263044172178 0.06925263044172178 0.3005108191187454 0.3711422061101445 0.5731724749627882 0.6173781665055906 0.99512753974857 1.455621198645117
77 693 0.14592657674994022 1.4175208588788364 0.06749576303217554 0.06749576303217554 0.28876384324538457 0.3692692412801184 0.5600246257140503 0.6396128219041738 1.0089510189528395 1.4175208588788364
78 702 0.1463542576805218 1.3547650033973766 0.06748856574646388 0.06748856574646388 0.29750899188676755 0.3624152821796657 0.5693794072101435 0.663947627553456 1.0083831895936195 1.3547650033973766
79 711 0.1454464908226584 1.3114238716265156 0.06714850411663296 0.06714850411663296 0.30483081565903164 0.36264078907885594 0.5767757495435922 0.6544663048913905 0.9917675700445585 1.3114238716265156
80 720 0.14669237200364477 1.2105775200674136 0.06631485972079589 0.06631485972079589 0.3136279179639366 0.3580930400419818 0.5733478261551954 0.6560040808185109 0.9837290240145081 1.2105775200674136
81 729 0.1354153545077452 1.2219119369447824 0.06638140198258831 0.06638140198258831 0.3078234787053572 0.3619421787686072 0.5420320866812669 0.6594686180670437 0.9513676970774718 1.2219119369447824
82 738 0.12708096567119162 1.215334384728113 0.06747024535221675 0.06747024535221675 0.3124392574580451 0.35199175059601134 0.5291230610028337 0.6466869656791172 0.8942697807155404 1.215334384728113
83 747 0.11671242330148429 1.2457106815900227 0.06589968923668765 0.06589968923668765 0.2938797879255491 0.3637126512337387 0.506887539325712 0.6578205614001502 0.9030390925007441 1.2457106815900227
84 756 0.11267716431889835 1.2255423687151126 0.06530365229837073 0.06530365229837073 0.29817684480864154 0.34442144102020383 0.5019518557875363 0.6523809649470332 0.911634065269974 1.2255423687151126
85 765 0.10675544093785305 1.2263609147384087 0.06419436048667093 0.06419436048667093 0.3054417293707665 0.3532749528182786 0.47088786118805553 0.6487823598865122 0.88874892177043 1.2263609147384087
86 774 0.0945835831409698 1.2358500064745503 0.06496577556167829 0.06496577556167829 0.29385167966199355 0.35381908102248977 0.4436563097388036 0.633704842944841 0.8911239516941422 1.2358500064745503
87 783 0.08892989861000976 1.2807664803432015 0.06482174774589312 0.06482174774589312 0.2771928824737623 0.345663893065093 0.42101664126800614 0.6130473729739149 0.8996852664392814 1.2807664803432015
88 792 0.08094243789564802 1.246920476371963 0.06280149921837996 0.06280149921837996 0.2819817456966024 0.34771594111958615 0.42304443442924833 0.6213551439091394 0.8551346021655823 1.246920476371963
89 801 0.09102719627046926 1.2780185935913535 0.06252434418239894 0.06252434418239894 0.27228234790777134 0.3436778813491403 0.42453356072065845 0.6185365438281649 0.7909402674907999 1.2780185935913535
90 810 0.08853924610338236 1.279429227759031 0.06132638685363021 0.06132638685363021 0.26273089219295653 0.3495839089135484 0.4364423521473495 0.6669296240355619 0.8221353648306488 1.279429227759031
91 819 0.08219299089241394 1.2777488482083301 0.05820101640167097 0.05820101640167097 0.2576488719204385 0.338528911613309 0.4253618876453029 0.6599629029549109 0.8260750826711266 1.2777488482083301
92 828 0.0778631950334551 1.2729170090034945 0.058591854458251685 0.058591854458251685 0.25481558484934325 0.3250671823455975 0.4206399139385327 0.6548416696613129 0.7823591093384296 1.2729170090034945
93 837 0.06715870641526886 1.2635497803975768 0.05694821324361768 0.05694821324361768 0.2535113506694284 0.31100442209946344 0.41200217325961885 0.6431484152704928 0.7900921546377121 1.2635497803975768
94 846 0.06381852640232737 1.2513130209097845 0.05612374135142594 0.05612374135142594 0.24617594683225005 0.30062052066252926 0.3959919724368293 0.6244542397393618 0.7855632507668779 1.2513130209097845
95 855 0.06118614042375372 1.29607951987917 0.054910577354419926 0.054910577354419926 0.23811275282857172 0.28886013822661993 0.3798560579706688 0.613067932732675 0.784349470738474 1.29607951987917
96 864 0.0633181621776761 1.3453433208936514 0.0536596483137591 0.0536596483137591 0.22489225805347904 0.28029203839332595 0.37796304181224377 0.6093273885509563 0.7702218772846309 1.3453433208936514
97 873 0.0670823675607663 1.4437405967208732 0.052821478195284585 0.052821478195284585 0.21424038012504404 0.2789646367895871 0.3617126269571151 0.6234513184556622 0.7600591506477787 1.4437405967208732
98 882 0.06666036814286003 1.537242638487621 0.052270150097218464 0.052270150097218464 0.20901995838525614 0.2709680142521204 0.3415857389720846 0.6065908525954566 0.7930891621238552 1.537242638487621
99 891 0.06364956858018564 1.50178933312569 0.05075660685536935 0.05075660685536935 0.2029659079615154 0.2733123991822955 0.32909862465117157 0.6022790752447708 0.8031867885585924 1.50178933312569
100 900 0.06459191060715694 1.6015144586099068 0.049409473894058795 0.049409473894058795 0.18739026492470073 0.27516530859189114 0.3221888033138406 0.6065260568069211 0.7795614919730399 1.6015144586099068
101 909 0.061560333028331055 1.7332608031236476 0.04974547318444829 0.04974547318444829 0.18792846494442877 0.26471772209142275 0.30515383125861206 0.5820308954044586 0.7519216176326233 1.7332608031236476
102 918 0.062409235412745026 1.7146830269792772 0.049177174266176536 0.049177174266176536 0.18370082179452707 0.26465611273520523 0.2996120448793207 0.5706834331318453 0.7127466640810051 1.7146830269792772
103 927 0.06674115688306934 1.746860321424151 0.047794124209792475 0.047794124209792475 0.17489476934103648 0.2643878213995452 0.2980569481914043 0.5765516919634662 0.7655500958860207 1.746860321424151
104 936 0.0647195500643179 1.7866707738228487 0.048612566707577326 0.048612566707577326 0.1702771620323726 0.25217364841773493 0.2903483870863619 0.5730976447680838 0.7796168304972321 1.7866707738228487
105 945 0.058936631027171935 1.7257441694056919 0.04689318544427228 0.04689318544427228 0.1675202470993872 0.2544976804500413 0.27995107411227965 0.5667579641669641 0.8005125882111226 1.7257441694056919
106 954 0.05552116065241539 1.735556706010761 0.04679463869090024 0.04679463869090024 0.16163517126384586 0.2513548582891703 0.27113787126754363 0.5371474535143935 0.8217097520119909 1.735556706010761
107 963 0.05138242842564037 1.6571929345635175 0.04498398787663584 0.04498398787663584 0.1587084250236645 0.23657588744511976 0.27523397163056373 0.5424756133483166 0.8247512815315952 1.6571929345635175
108 972 0.05241997841030821 1.62273643051114 0.045084375354440334 0.045084375354440334 0.1569419331811034 0.23021519239596283 0.26677166186363555 0.533049670784698 0.8134079744463674 1.62273643051114
109 981 0.04735006851564991 1.5231533637066128 0.045680229106469204 0.045680229106469204 0.1535146131701935 0.246110353305259 0.26662689671082757 0.5064051633649413 0.8126294397189676 1.5231533637066128
110 990 0.04177911227787365 1.4613556652737014 0.04515977658483997 0.04515977658483997 0.15108014289259986 0.24965490168623022 0.25445360096744124 0.48207559791568877 0.8168858801451485 1.4613556652737014
111 999 0.04212486433870698 1.3736479024300257 0.04433895661895718 0.04433895661895718 0.14728797426024995 0.242698823439411 0.25842722676533975 0.48168147688412616 0.8103981302813799 1.3736479024300257
112 1008 0.04069168069608076 1.2880527100011463 0.04544702600538126 0.04544702600538126 0.14512303024565337 0.23520785613243234 0.2691848585081323 0.4898945232871045 0.8517335270486117 1.2880527100011463
113 1017 0.03683020897536474 1.2418502378264806 0.044477885253726514 0.044477885253726514 0.14723530504352395 0.2298300445986452 0.2717756521953729 0.4818722985623051 0.8601797846669866 1.2418502378264806
114 1026 0.03368203992179252 1.2218203336613909 0.043963653574397736 0.043963653574397736 0.14814158859062254 0.22477096326032048 0.2710021872491646 0.47314314632821225 0.8117169350545095 1.2218203336613909
115 1035 0.03253617293159834 1.176512895085717 0.0431838639726712 0.0431838639726712 0.14561717972538074 0.2313908405789836 0.2520219196924775 0.46915420927998414 0.8083521629311958 1.176512895085717
116 1044 0.031099765071175865 1.1705799756013033 0.042482956684381484 0.042482956684381484 0.14755366109627072 0.23105113703227623 0.24993022872665832 0.4618505910042209 0.7446413019178166 1.1705799756013033
117 1053 0.03189977777349726 1.1384717509228752 0.04292165923536239 0.04292165923536239 0.13963961508555117 0.22557429927481878 0.2468407528385771 0.4667159465361854 0.7483610476272607 1.1384717509228752
118 1062 0.032136628155364846 1.139018247206569 0.04222071799876797 0.04222071799876797 0.14094061916527847 0.22628260950170903 0.24338480631197232 0.4636437166995719 0.7443925712156328 1.139018247206569
119 1071 0.032426021683910754 1.1365472999963941 0.04231033236970624 0.04231033236970624 0.13846169296178876 0.2207517536657196 0.2488008064657959 0.45930338701467427 0.7280383117707473 1.1365472999963941
120 1080 0.034332270187636245 1.111565174608878 0.041114539956685445 0.041114539956685445 0.14294271395000677 0.20826323605976704 0.2460978682595047 0.4607468165159414 0.7475411015836205 1.111565174608878
121 1089 0.03223990356216689 1.1009865637439817 0.042240457440578055 0.042240457440578055 0.14438560278069595 0.19793978826196412 0.24181119039621846 0.4585790756257353 0.7568277141211485 1.1009865637439817
122 1098 0.028339412912362284 1.0838987676515672 0.04085925546239098 0.04085925546239098 0.14573662347950458 0.19864720121197996 0.24737249486232554 0.41131401339576346 0.7726546762890606 1.0838987676515672
123 1107 0.028686312224098218 0.9882479288259243 0.04035537761986358 0.04035537761986358 0.14122238276980845 0.19154491072715105 0.24904470465507175 0.4269628209930138 0.7606618126630241 0.9882479288259243
124 1116 0.024594484873642634 0.9816749989744085 0.04067707766938857 0.04067707766938857 0.13412244768807255 0.17989669040836745 0.2640397925907615 0.42752535660189545 0.7519924035546518 0.9816749989744085
125 1125 0.02264156344452624 0.93458495319727 0.04148591602892512 0.04148591602892512 0.1284604501606011 0.18089645721497022 0.24868414091493143 0.424344920423552 0.7468582699023434 0.93458495319727
126 1134 0.02194270110613069 0.9220344864831768 0.04098741423521975 0.04098741423521975 0.12399106479327254 0.18009374137485046 0.24933640189618098 0.4300343193102146 0.732179530027763 0.9220344864831768
127 1143 0.024458664806479142 0.8932304454684158 0.04132282083490531 0.04132282083490531 0.12869185180538384 0.17399712383504543 0.2435049198489966 0.43084911028436984 0.7096293450432775 0.8932304454684158
128 1152 0.026273816623827308 0.912550054895746 0.040722281259434744 0.040722281259434744 0.12343344897495254 0.17890712812241405 0.23860489853986142 0.4475848286223838 0.7157850202243461 0.912550054895746
129 1161 0.029211225596273423 0.8846631275584915 0.040118419190095456 0.040118419190095456 0.13267931359506752 0.16889606522303638 0.23469179292171355 0.4518548391957826 0.7206367201146332 0.8846631275584915
130 1170 0.027851831451224544 0.9358749901719543 0.039185502756962094 0.039185502756962094 0.13755372869284652 0.17642245261517026 0.21749105771788194 0.43114374611122763 0.7425980680854495 0.9358749901719543
131 1179 0.025839430463371334 0.9019342869743454 0.03914438961322118 0.03914438961322118 0.12749446081440177 0.17951458853925423 0.21107648861663067 0.4236728962957019 0.7937972970338516 0.9019342869743454
132 1188 0.027265507837285707 0.8833464845980443 0.03783761683177526 0.03783761683177526 0.1262700781260441 0.1779727642686348 0.20548885769947706 0.41449498429751663 0.7905752822609287 0.8833464845980443
133 1197 0.026799693775550866 0.9405048388623986 0.03990231767082589 0.03990231767082589 0.11865136514353575 0.17582024879584468 0.19698763807089367 0.4245230084493154 0.7875303586480761 0.9405048388623986
134 1206 0.022986587159086417 0.9222618862488109 0.039545946240206735 0.039545946240206735 0.12212218357424895 0.16620091717097962 0.18917045990170656 0.4313861817983907 0.7707757422884863 0.9222618862488109
135 1215 0.020209911453473662 0.8882921798842799 0.04013036123533148 0.04013036123533148 0.11574150288523949 0.16241156366252313 0.19172588666652235 0.41936983948882384 0.7386935924409783 0.8882921798842799
136 1224 0.0191362744587882 0.8868909917279769 0.03953436573521354 0.03953436573521354 0.11589864415579905 0.16042214488706327 0.18265461712194675 0.39532790321520117 0.7367235052493323 0.8868909917279769
137 1233 0.019198853254757963 0.8849322654915206 0.03892068377378593 0.03892068377378593 0.11673891417080436 0.16163995610887857 0.18506014051274663 0.37370151024003184 0.7009069708085142 0.8849322654915206
138 1242 0.018498635732708924 0.8802741623913816 0.038073306541633434 0.038073306541633434 0.1136007784567536 0.16694673881754954 0.18874254825017364 0.3609212808909963 0.6952375778815997 0.8802741623913816
139 1251 0.017725615334187213 0.8660851056733764 0.035852141094698545 0.035852141094698545 0.10808792389196244 0.1654489382190724 0.1934586505247417 0.3582413313088336 0.6885194971192407 0.8660851056733764
140 1260 0.017327942591366954 0.8573043514702559 0.03471683212261616 0.03471683212261616 0.10210798453930542 0.16810262065507459 0.19506240015646606 0.34613766890024067 0.6747074165453785 0.8573043514702559
141 1269 0.016762383662347596 0.8626353295431411 0.03298811690472679 0.03298811690472679 0.09811486312851661 0.1693053663466132 0.19349113697737888 0.33591710219604526 0.6839192374338006 0.8626353295431411
142 1278 0.014713798695592528 0.8554899135317835 0.03296669753127065 0.03296669753127065 0.09108022444556049 0.17272976108933297 0.19289153835728762 0.32366159875920697 0.684215562808342 0.8554899135317835
143 1287 0.013486124777076648 0.8489287717188436 0.03278721730507294 0.03278721730507294 0.08273983846237544 0.17243440008598818 0.19444442567568823 0.32182566133914925 0.6714323828624094 0.8489287717188436
144 1296 0.012953199195446635 0.850328113755239 0.03193520317815051 0.03193520317815051 0.08047960312522771 0.16807052410853424 0.1909607564942211 0.3316584235656572 0.6466451113365249 0.850328113755239
145 1305 0.013047580648688271 0.8226122280265754 0.03100781621992993 0.03100781621992993 0.0755790518748849 0.17383022326695238 0.191906895932773 0.33975086301798146 0.6608799246130477 0.8226122280265754
146 1314 0.01361120483600406 0.8314437621919049 0.031031543914164548 0.031031543914164548 0.07538270838977987 0.17543404070123728 0.19784084086448786 0.30878283229363634 0.6472895515189727 0.8314437621919049
147 1323 0.01593959593131258 0.8193586984196075 0.030251208855671338 0.030251208855671338 0.07321920214873401 0.16583831614505956 0.19788305318838467 0.3060255777926735 0.7131721084885039 0.8193586984196075
148 1332 0.017695191850113482 0.8205899168665711 0.0313489463971681 0.0313489463971681 0.0666525644711907 0.1621941171091232 0.21089051050853835 0.30600788919183036 0.7610606886769934 0.8205899168665711
149 1341 0.019719823892390353 0.814972668890232 0.029407216204254835 0.029407216204254835 0.06475972446032384 0.17266346138225172 0.22535393921823277 0.304039972664939 0.7423223550779502 0.814972668890232
150 1350 0.021775987073209487 0.8080646801090335 0.029721641038586957 0.029721641038586957 0.06232735732611058 0.17095109790049645 0.24057653035034915 0.3065525549888144 0.7227916935617096 0.8080646801090335
150 1350 0.021775987073209487 0.8080646801090335 0.029721641038586957 0.029721641038586957 0.06232735732611058 0.17095109790049645 0.24057653035034915 0.3065525549888144 0.7227916935617096 0.8080646801090335
