% # columns="iteration, evaluation, min 25%tile 75%tile max correlation, correlation matrix principal axes lengths  (sorted square roots of eigenvalues of correlation matrix)", seed=780893, Sun Jun 28 20:34:33 2026
1 9 -0.06726931941967264 -0.02004726707326268 0.01878267124082222 0.05917729460967788 0.9489158319906206 0.9655531941436357 0.985746513049068 0.9941988435036977 1.0090634813909487 1.0406842113003918 1.0516204198936718
2 18 -0.06726931941967264 -0.02004726707326268 0.01878267124082222 0.05917729460967788 0.9489158319906206 0.9655531941436357 0.985746513049068 0.9941988435036977 1.0090634813909487 1.0406842113003918 1.0516204198936718
3 27 -0.06726931941967264 -0.02004726707326268 0.01878267124082222 0.05917729460967788 0.9489158319906206 0.9655531941436357 0.985746513049068 0.9941988435036977 1.0090634813909487 1.0406842113003918 1.0516204198936718
4 36 -0.06726931941967264 -0.02004726707326268 0.01878267124082222 0.05917729460967788 0.9489158319906206 0.9655531941436357 0.985746513049068 0.9941988435036977 1.0090634813909487 1.0406842113003918 1.0516204198936718
5 45 -0.06726931941967264 -0.02004726707326268 0.01878267124082222 0.05917729460967788 0.9489158319906206 0.9655531941436357 0.985746513049068 0.9941988435036977 1.0090634813909487 1.0406842113003918 1.0516204198936718
6 54 -0.06726931941967264 -0.02004726707326268 0.01878267124082222 0.05917729460967788 0.9489158319906206 0.9655531941436357 0.985746513049068 0.9941988435036977 1.0090634813909487 1.0406842113003918 1.0516204198936718
7 63 -0.06726931941967264 -0.02004726707326268 0.01878267124082222 0.05917729460967788 0.9489158319906206 0.9655531941436357 0.985746513049068 0.9941988435036977 1.0090634813909487 1.0406842113003918 1.0516204198936718
8 72 -0.3438818450758631 -0.14184306784917075 0.056231064393790234 0.183835902013979 0.7179540382826107 0.8587546757119715 0.9159057478886341 0.9447650762972831 1.0256895221602502 1.1395193561719879 1.2903777193093984
9 81 -0.3438818450758631 -0.14184306784917075 0.056231064393790234 0.183835902013979 0.7179540382826107 0.8587546757119715 0.9159057478886341 0.9447650762972831 1.0256895221602502 1.1395193561719879 1.2903777193093984
10 90 -0.3438818450758631 -0.14184306784917075 0.056231064393790234 0.183835902013979 0.7179540382826107 0.8587546757119715 0.9159057478886341 0.9447650762972831 1.0256895221602502 1.1395193561719879 1.2903777193093984
11 99 -0.3438818450758631 -0.14184306784917075 0.056231064393790234 0.183835902013979 0.7179540382826107 0.8587546757119715 0.9159057478886341 0.9447650762972831 1.0256895221602502 1.1395193561719879 1.2903777193093984
12 108 -0.3438818450758631 -0.14184306784917075 0.056231064393790234 0.183835902013979 0.7179540382826107 0.8587546757119715 0.9159057478886341 0.9447650762972831 1.0256895221602502 1.1395193561719879 1.2903777193093984
13 117 -0.3438818450758631 -0.14184306784917075 0.056231064393790234 0.183835902013979 0.7179540382826107 0.8587546757119715 0.9159057478886341 0.9447650762972831 1.0256895221602502 1.1395193561719879 1.2903777193093984
14 126 -0.3438818450758631 -0.14184306784917075 0.056231064393790234 0.183835902013979 0.7179540382826107 0.8587546757119715 0.9159057478886341 0.9447650762972831 1.0256895221602502 1.1395193561719879 1.2903777193093984
15 135 -0.4299901014944415 -0.1563030376660755 0.09437308810371013 0.3160610859251568 0.6317976486565982 0.7717080860077074 0.8610755545426515 0.9988019471494927 1.0619023690254017 1.1273461803550182 1.366636699777579
16 144 -0.4299901014944415 -0.1563030376660755 0.09437308810371013 0.3160610859251568 0.6317976486565982 0.7717080860077074 0.8610755545426515 0.9988019471494927 1.0619023690254017 1.1273461803550182 1.366636699777579
17 153 -0.4299901014944415 -0.1563030376660755 0.09437308810371013 0.3160610859251568 0.6317976486565982 0.7717080860077074 0.8610755545426515 0.9988019471494927 1.0619023690254017 1.1273461803550182 1.366636699777579
18 162 -0.4299901014944415 -0.1563030376660755 0.09437308810371013 0.3160610859251568 0.6317976486565982 0.7717080860077074 0.8610755545426515 0.9988019471494927 1.0619023690254017 1.1273461803550182 1.366636699777579
19 171 -0.4299901014944415 -0.1563030376660755 0.09437308810371013 0.3160610859251568 0.6317976486565982 0.7717080860077074 0.8610755545426515 0.9988019471494927 1.0619023690254017 1.1273461803550182 1.366636699777579
20 180 -0.4299901014944415 -0.1563030376660755 0.09437308810371013 0.3160610859251568 0.6317976486565982 0.7717080860077074 0.8610755545426515 0.9988019471494927 1.0619023690254017 1.1273461803550182 1.366636699777579
21 189 -0.4299901014944415 -0.1563030376660755 0.09437308810371013 0.3160610859251568 0.6317976486565982 0.7717080860077074 0.8610755545426515 0.9988019471494927 1.0619023690254017 1.1273461803550182 1.366636699777579
22 198 -0.4070540553514173 -0.1013655096431014 0.053275709440294555 0.25033413047539943 0.6146498986981015 0.7852488212467771 0.887776867327719 1.026454583556051 1.0655657591145735 1.1922902308447412 1.2676145435148232
23 207 -0.4070540553514173 -0.1013655096431014 0.053275709440294555 0.25033413047539943 0.6146498986981015 0.7852488212467771 0.887776867327719 1.026454583556051 1.0655657591145735 1.1922902308447412 1.2676145435148232
24 216 -0.4070540553514173 -0.1013655096431014 0.053275709440294555 0.25033413047539943 0.6146498986981015 0.7852488212467771 0.887776867327719 1.026454583556051 1.0655657591145735 1.1922902308447412 1.2676145435148232
25 225 -0.4070540553514173 -0.1013655096431014 0.053275709440294555 0.25033413047539943 0.6146498986981015 0.7852488212467771 0.887776867327719 1.026454583556051 1.0655657591145735 1.1922902308447412 1.2676145435148232
26 234 -0.4070540553514173 -0.1013655096431014 0.053275709440294555 0.25033413047539943 0.6146498986981015 0.7852488212467771 0.887776867327719 1.026454583556051 1.0655657591145735 1.1922902308447412 1.2676145435148232
27 243 -0.4070540553514173 -0.1013655096431014 0.053275709440294555 0.25033413047539943 0.6146498986981015 0.7852488212467771 0.887776867327719 1.026454583556051 1.0655657591145735 1.1922902308447412 1.2676145435148232
28 252 -0.4070540553514173 -0.1013655096431014 0.053275709440294555 0.25033413047539943 0.6146498986981015 0.7852488212467771 0.887776867327719 1.026454583556051 1.0655657591145735 1.1922902308447412 1.2676145435148232
29 261 -0.5282631645123748 -0.12625414275576385 0.06813332382780661 0.30468801556059566 0.537055841988726 0.7526016970238436 0.875561748756975 1.0188243339806506 1.1005072996127254 1.1927945315439779 1.3063977946410552
30 270 -0.5282631645123748 -0.12625414275576385 0.06813332382780661 0.30468801556059566 0.537055841988726 0.7526016970238436 0.875561748756975 1.0188243339806506 1.1005072996127254 1.1927945315439779 1.3063977946410552
31 279 -0.5282631645123748 -0.12625414275576385 0.06813332382780661 0.30468801556059566 0.537055841988726 0.7526016970238436 0.875561748756975 1.0188243339806506 1.1005072996127254 1.1927945315439779 1.3063977946410552
32 288 -0.5282631645123748 -0.12625414275576385 0.06813332382780661 0.30468801556059566 0.537055841988726 0.7526016970238436 0.875561748756975 1.0188243339806506 1.1005072996127254 1.1927945315439779 1.3063977946410552
33 297 -0.5282631645123748 -0.12625414275576385 0.06813332382780661 0.30468801556059566 0.537055841988726 0.7526016970238436 0.875561748756975 1.0188243339806506 1.1005072996127254 1.1927945315439779 1.3063977946410552
34 306 -0.5282631645123748 -0.12625414275576385 0.06813332382780661 0.30468801556059566 0.537055841988726 0.7526016970238436 0.875561748756975 1.0188243339806506 1.1005072996127254 1.1927945315439779 1.3063977946410552
35 315 -0.5282631645123748 -0.12625414275576385 0.06813332382780661 0.30468801556059566 0.537055841988726 0.7526016970238436 0.875561748756975 1.0188243339806506 1.1005072996127254 1.1927945315439779 1.3063977946410552
36 324 -0.5808715501649193 -0.20085769404106396 0.09157359042870088 0.26011690713791524 0.4509914164891163 0.6553416920292335 0.8964673839102878 1.0451958272466315 1.0805355240674765 1.2106516237066736 1.3556590826890413
37 333 -0.5808715501649193 -0.20085769404106396 0.09157359042870088 0.26011690713791524 0.4509914164891163 0.6553416920292335 0.8964673839102878 1.0451958272466315 1.0805355240674765 1.2106516237066736 1.3556590826890413
38 342 -0.5808715501649193 -0.20085769404106396 0.09157359042870088 0.26011690713791524 0.4509914164891163 0.6553416920292335 0.8964673839102878 1.0451958272466315 1.0805355240674765 1.2106516237066736 1.3556590826890413
39 351 -0.5808715501649193 -0.20085769404106396 0.09157359042870088 0.26011690713791524 0.4509914164891163 0.6553416920292335 0.8964673839102878 1.0451958272466315 1.0805355240674765 1.2106516237066736 1.3556590826890413
40 360 -0.5808715501649193 -0.20085769404106396 0.09157359042870088 0.26011690713791524 0.4509914164891163 0.6553416920292335 0.8964673839102878 1.0451958272466315 1.0805355240674765 1.2106516237066736 1.3556590826890413
41 369 -0.5808715501649193 -0.20085769404106396 0.09157359042870088 0.26011690713791524 0.4509914164891163 0.6553416920292335 0.8964673839102878 1.0451958272466315 1.0805355240674765 1.2106516237066736 1.3556590826890413
42 378 -0.5808715501649193 -0.20085769404106396 0.09157359042870088 0.26011690713791524 0.4509914164891163 0.6553416920292335 0.8964673839102878 1.0451958272466315 1.0805355240674765 1.2106516237066736 1.3556590826890413
43 387 -0.6129802813176496 -0.12043840613500982 0.06362396020141992 0.39920678727967696 0.43834657422093354 0.6360145751421513 0.9383996021839421 1.030936494044965 1.0687691810438016 1.2148502467991389 1.357123866287027
44 396 -0.6129802813176496 -0.12043840613500982 0.06362396020141992 0.39920678727967696 0.43834657422093354 0.6360145751421513 0.9383996021839421 1.030936494044965 1.0687691810438016 1.2148502467991389 1.357123866287027
45 405 -0.6129802813176496 -0.12043840613500982 0.06362396020141992 0.39920678727967696 0.43834657422093354 0.6360145751421513 0.9383996021839421 1.030936494044965 1.0687691810438016 1.2148502467991389 1.357123866287027
46 414 -0.6129802813176496 -0.12043840613500982 0.06362396020141992 0.39920678727967696 0.43834657422093354 0.6360145751421513 0.9383996021839421 1.030936494044965 1.0687691810438016 1.2148502467991389 1.357123866287027
47 423 -0.6129802813176496 -0.12043840613500982 0.06362396020141992 0.39920678727967696 0.43834657422093354 0.6360145751421513 0.9383996021839421 1.030936494044965 1.0687691810438016 1.2148502467991389 1.357123866287027
48 432 -0.6129802813176496 -0.12043840613500982 0.06362396020141992 0.39920678727967696 0.43834657422093354 0.6360145751421513 0.9383996021839421 1.030936494044965 1.0687691810438016 1.2148502467991389 1.357123866287027
49 441 -0.6129802813176496 -0.12043840613500982 0.06362396020141992 0.39920678727967696 0.43834657422093354 0.6360145751421513 0.9383996021839421 1.030936494044965 1.0687691810438016 1.2148502467991389 1.357123866287027
50 450 -0.533051142549704 -0.22370950611195928 0.1345231216571101 0.42880161630901337 0.418557982324913 0.5878911868603462 0.8940760477849731 0.9667109448573585 1.1466387149162827 1.2274540990502452 1.3870354104687146
51 459 -0.533051142549704 -0.22370950611195928 0.1345231216571101 0.42880161630901337 0.418557982324913 0.5878911868603462 0.8940760477849731 0.9667109448573585 1.1466387149162827 1.2274540990502452 1.3870354104687146
52 468 -0.533051142549704 -0.22370950611195928 0.1345231216571101 0.42880161630901337 0.418557982324913 0.5878911868603462 0.8940760477849731 0.9667109448573585 1.1466387149162827 1.2274540990502452 1.3870354104687146
53 477 -0.533051142549704 -0.22370950611195928 0.1345231216571101 0.42880161630901337 0.418557982324913 0.5878911868603462 0.8940760477849731 0.9667109448573585 1.1466387149162827 1.2274540990502452 1.3870354104687146
54 486 -0.533051142549704 -0.22370950611195928 0.1345231216571101 0.42880161630901337 0.418557982324913 0.5878911868603462 0.8940760477849731 0.9667109448573585 1.1466387149162827 1.2274540990502452 1.3870354104687146
55 495 -0.533051142549704 -0.22370950611195928 0.1345231216571101 0.42880161630901337 0.418557982324913 0.5878911868603462 0.8940760477849731 0.9667109448573585 1.1466387149162827 1.2274540990502452 1.3870354104687146
56 504 -0.533051142549704 -0.22370950611195928 0.1345231216571101 0.42880161630901337 0.418557982324913 0.5878911868603462 0.8940760477849731 0.9667109448573585 1.1466387149162827 1.2274540990502452 1.3870354104687146
57 513 -0.4846100002309387 -0.21697319443229718 0.12910501527333987 0.42219797361166145 0.43871741955352167 0.5639160474083156 0.8733343488442582 0.9250169727909482 1.1724368387926956 1.2212696228733375 1.4159974575265781
58 522 -0.4846100002309387 -0.21697319443229718 0.12910501527333987 0.42219797361166145 0.43871741955352167 0.5639160474083156 0.8733343488442582 0.9250169727909482 1.1724368387926956 1.2212696228733375 1.4159974575265781
59 531 -0.4846100002309387 -0.21697319443229718 0.12910501527333987 0.42219797361166145 0.43871741955352167 0.5639160474083156 0.8733343488442582 0.9250169727909482 1.1724368387926956 1.2212696228733375 1.4159974575265781
60 540 -0.4846100002309387 -0.21697319443229718 0.12910501527333987 0.42219797361166145 0.43871741955352167 0.5639160474083156 0.8733343488442582 0.9250169727909482 1.1724368387926956 1.2212696228733375 1.4159974575265781
61 549 -0.4846100002309387 -0.21697319443229718 0.12910501527333987 0.42219797361166145 0.43871741955352167 0.5639160474083156 0.8733343488442582 0.9250169727909482 1.1724368387926956 1.2212696228733375 1.4159974575265781
62 558 -0.4846100002309387 -0.21697319443229718 0.12910501527333987 0.42219797361166145 0.43871741955352167 0.5639160474083156 0.8733343488442582 0.9250169727909482 1.1724368387926956 1.2212696228733375 1.4159974575265781
63 567 -0.4846100002309387 -0.21697319443229718 0.12910501527333987 0.42219797361166145 0.43871741955352167 0.5639160474083156 0.8733343488442582 0.9250169727909482 1.1724368387926956 1.2212696228733375 1.4159974575265781
64 576 -0.5626122908345935 -0.24008743780303946 0.16446228977941274 0.3862519925447633 0.39876645909307756 0.5702277057081229 0.774719860281079 0.9469183964507691 1.1232963654939345 1.1904797263488025 1.5296874385687382
65 585 -0.5626122908345935 -0.24008743780303946 0.16446228977941274 0.3862519925447633 0.39876645909307756 0.5702277057081229 0.774719860281079 0.9469183964507691 1.1232963654939345 1.1904797263488025 1.5296874385687382
66 594 -0.5626122908345935 -0.24008743780303946 0.16446228977941274 0.3862519925447633 0.39876645909307756 0.5702277057081229 0.774719860281079 0.9469183964507691 1.1232963654939345 1.1904797263488025 1.5296874385687382
67 603 -0.5626122908345935 -0.24008743780303946 0.16446228977941274 0.3862519925447633 0.39876645909307756 0.5702277057081229 0.774719860281079 0.9469183964507691 1.1232963654939345 1.1904797263488025 1.5296874385687382
68 612 -0.5626122908345935 -0.24008743780303946 0.16446228977941274 0.3862519925447633 0.39876645909307756 0.5702277057081229 0.774719860281079 0.9469183964507691 1.1232963654939345 1.1904797263488025 1.5296874385687382
69 621 -0.5626122908345935 -0.24008743780303946 0.16446228977941274 0.3862519925447633 0.39876645909307756 0.5702277057081229 0.774719860281079 0.9469183964507691 1.1232963654939345 1.1904797263488025 1.5296874385687382
70 630 -0.5626122908345935 -0.24008743780303946 0.16446228977941274 0.3862519925447633 0.39876645909307756 0.5702277057081229 0.774719860281079 0.9469183964507691 1.1232963654939345 1.1904797263488025 1.5296874385687382
71 639 -0.5285359618631945 -0.22245887475091955 0.14984239367408686 0.48234091507643495 0.44156961795252914 0.6304997389383932 0.7406348216161235 0.9464030776818259 1.1453614595813322 1.2571521894244382 1.4390910766157088
72 648 -0.5285359618631945 -0.22245887475091955 0.14984239367408686 0.48234091507643495 0.44156961795252914 0.6304997389383932 0.7406348216161235 0.9464030776818259 1.1453614595813322 1.2571521894244382 1.4390910766157088
73 657 -0.5285359618631945 -0.22245887475091955 0.14984239367408686 0.48234091507643495 0.44156961795252914 0.6304997389383932 0.7406348216161235 0.9464030776818259 1.1453614595813322 1.2571521894244382 1.4390910766157088
74 666 -0.5285359618631945 -0.22245887475091955 0.14984239367408686 0.48234091507643495 0.44156961795252914 0.6304997389383932 0.7406348216161235 0.9464030776818259 1.1453614595813322 1.2571521894244382 1.4390910766157088
75 675 -0.5285359618631945 -0.22245887475091955 0.14984239367408686 0.48234091507643495 0.44156961795252914 0.6304997389383932 0.7406348216161235 0.9464030776818259 1.1453614595813322 1.2571521894244382 1.4390910766157088
76 684 -0.5285359618631945 -0.22245887475091955 0.14984239367408686 0.48234091507643495 0.44156961795252914 0.6304997389383932 0.7406348216161235 0.9464030776818259 1.1453614595813322 1.2571521894244382 1.4390910766157088
77 693 -0.5285359618631945 -0.22245887475091955 0.14984239367408686 0.48234091507643495 0.44156961795252914 0.6304997389383932 0.7406348216161235 0.9464030776818259 1.1453614595813322 1.2571521894244382 1.4390910766157088
78 702 -0.50673266437012 -0.21526578036373561 0.13063222183954837 0.35345084030955765 0.48352474172543874 0.6905390123903784 0.7396090771802849 0.9711875733939601 1.1258677683240197 1.2418180571689441 1.4104759791936157
79 711 -0.50673266437012 -0.21526578036373561 0.13063222183954837 0.35345084030955765 0.48352474172543874 0.6905390123903784 0.7396090771802849 0.9711875733939601 1.1258677683240197 1.2418180571689441 1.4104759791936157
80 720 -0.50673266437012 -0.21526578036373561 0.13063222183954837 0.35345084030955765 0.48352474172543874 0.6905390123903784 0.7396090771802849 0.9711875733939601 1.1258677683240197 1.2418180571689441 1.4104759791936157
81 729 -0.50673266437012 -0.21526578036373561 0.13063222183954837 0.35345084030955765 0.48352474172543874 0.6905390123903784 0.7396090771802849 0.9711875733939601 1.1258677683240197 1.2418180571689441 1.4104759791936157
82 738 -0.50673266437012 -0.21526578036373561 0.13063222183954837 0.35345084030955765 0.48352474172543874 0.6905390123903784 0.7396090771802849 0.9711875733939601 1.1258677683240197 1.2418180571689441 1.4104759791936157
83 747 -0.50673266437012 -0.21526578036373561 0.13063222183954837 0.35345084030955765 0.48352474172543874 0.6905390123903784 0.7396090771802849 0.9711875733939601 1.1258677683240197 1.2418180571689441 1.4104759791936157
84 756 -0.50673266437012 -0.21526578036373561 0.13063222183954837 0.35345084030955765 0.48352474172543874 0.6905390123903784 0.7396090771802849 0.9711875733939601 1.1258677683240197 1.2418180571689441 1.4104759791936157
85 765 -0.5183554794061871 -0.24592021772863584 0.16558116712239893 0.3983824585436446 0.4451517216188379 0.7187119916334892 0.7788014521248711 0.9639086138865494 1.0213899928347538 1.2607531218967731 1.4549589507027585
86 774 -0.5183554794061871 -0.24592021772863584 0.16558116712239893 0.3983824585436446 0.4451517216188379 0.7187119916334892 0.7788014521248711 0.9639086138865494 1.0213899928347538 1.2607531218967731 1.4549589507027585
87 783 -0.5183554794061871 -0.24592021772863584 0.16558116712239893 0.3983824585436446 0.4451517216188379 0.7187119916334892 0.7788014521248711 0.9639086138865494 1.0213899928347538 1.2607531218967731 1.4549589507027585
88 792 -0.5183554794061871 -0.24592021772863584 0.16558116712239893 0.3983824585436446 0.4451517216188379 0.7187119916334892 0.7788014521248711 0.9639086138865494 1.0213899928347538 1.2607531218967731 1.4549589507027585
89 801 -0.5183554794061871 -0.24592021772863584 0.16558116712239893 0.3983824585436446 0.4451517216188379 0.7187119916334892 0.7788014521248711 0.9639086138865494 1.0213899928347538 1.2607531218967731 1.4549589507027585
90 810 -0.5183554794061871 -0.24592021772863584 0.16558116712239893 0.3983824585436446 0.4451517216188379 0.7187119916334892 0.7788014521248711 0.9639086138865494 1.0213899928347538 1.2607531218967731 1.4549589507027585
91 819 -0.5183554794061871 -0.24592021772863584 0.16558116712239893 0.3983824585436446 0.4451517216188379 0.7187119916334892 0.7788014521248711 0.9639086138865494 1.0213899928347538 1.2607531218967731 1.4549589507027585
92 828 -0.6684083688449933 -0.20982241729089599 0.10151892949143658 0.3515713879698405 0.3831691852506528 0.6553813893304439 0.8253596653597711 0.9486296100852983 1.103326392243938 1.2338242387637164 1.4501339647347693
93 837 -0.6684083688449933 -0.20982241729089599 0.10151892949143658 0.3515713879698405 0.3831691852506528 0.6553813893304439 0.8253596653597711 0.9486296100852983 1.103326392243938 1.2338242387637164 1.4501339647347693
94 846 -0.6684083688449933 -0.20982241729089599 0.10151892949143658 0.3515713879698405 0.3831691852506528 0.6553813893304439 0.8253596653597711 0.9486296100852983 1.103326392243938 1.2338242387637164 1.4501339647347693
95 855 -0.6684083688449933 -0.20982241729089599 0.10151892949143658 0.3515713879698405 0.3831691852506528 0.6553813893304439 0.8253596653597711 0.9486296100852983 1.103326392243938 1.2338242387637164 1.4501339647347693
96 864 -0.6684083688449933 -0.20982241729089599 0.10151892949143658 0.3515713879698405 0.3831691852506528 0.6553813893304439 0.8253596653597711 0.9486296100852983 1.103326392243938 1.2338242387637164 1.4501339647347693
97 873 -0.6684083688449933 -0.20982241729089599 0.10151892949143658 0.3515713879698405 0.3831691852506528 0.6553813893304439 0.8253596653597711 0.9486296100852983 1.103326392243938 1.2338242387637164 1.4501339647347693
98 882 -0.6684083688449933 -0.20982241729089599 0.10151892949143658 0.3515713879698405 0.3831691852506528 0.6553813893304439 0.8253596653597711 0.9486296100852983 1.103326392243938 1.2338242387637164 1.4501339647347693
99 891 -0.6410911843382839 -0.2619282956108979 0.1462025138991362 0.41391744537221037 0.24488655960800979 0.5758900759405049 0.7847178135799666 0.9857754385722824 1.0777785128964763 1.271629833293402 1.4973967327770386
100 900 -0.6410911843382839 -0.2619282956108979 0.1462025138991362 0.41391744537221037 0.24488655960800979 0.5758900759405049 0.7847178135799666 0.9857754385722824 1.0777785128964763 1.271629833293402 1.4973967327770386
101 909 -0.6410911843382839 -0.2619282956108979 0.1462025138991362 0.41391744537221037 0.24488655960800979 0.5758900759405049 0.7847178135799666 0.9857754385722824 1.0777785128964763 1.271629833293402 1.4973967327770386
102 918 -0.6410911843382839 -0.2619282956108979 0.1462025138991362 0.41391744537221037 0.24488655960800979 0.5758900759405049 0.7847178135799666 0.9857754385722824 1.0777785128964763 1.271629833293402 1.4973967327770386
103 927 -0.6410911843382839 -0.2619282956108979 0.1462025138991362 0.41391744537221037 0.24488655960800979 0.5758900759405049 0.7847178135799666 0.9857754385722824 1.0777785128964763 1.271629833293402 1.4973967327770386
104 936 -0.6410911843382839 -0.2619282956108979 0.1462025138991362 0.41391744537221037 0.24488655960800979 0.5758900759405049 0.7847178135799666 0.9857754385722824 1.0777785128964763 1.271629833293402 1.4973967327770386
105 945 -0.6410911843382839 -0.2619282956108979 0.1462025138991362 0.41391744537221037 0.24488655960800979 0.5758900759405049 0.7847178135799666 0.9857754385722824 1.0777785128964763 1.271629833293402 1.4973967327770386
106 954 -0.5883534656375409 -0.26393446162196316 0.1597694609894486 0.46477204900508545 0.2070417367259107 0.508072919292439 0.7583450379642096 0.9613267829923081 1.1156251593190825 1.3235950256475801 1.4843301383476495
107 963 -0.5883534656375409 -0.26393446162196316 0.1597694609894486 0.46477204900508545 0.2070417367259107 0.508072919292439 0.7583450379642096 0.9613267829923081 1.1156251593190825 1.3235950256475801 1.4843301383476495
108 972 -0.5883534656375409 -0.26393446162196316 0.1597694609894486 0.46477204900508545 0.2070417367259107 0.508072919292439 0.7583450379642096 0.9613267829923081 1.1156251593190825 1.3235950256475801 1.4843301383476495
109 981 -0.5883534656375409 -0.26393446162196316 0.1597694609894486 0.46477204900508545 0.2070417367259107 0.508072919292439 0.7583450379642096 0.9613267829923081 1.1156251593190825 1.3235950256475801 1.4843301383476495
110 990 -0.5883534656375409 -0.26393446162196316 0.1597694609894486 0.46477204900508545 0.2070417367259107 0.508072919292439 0.7583450379642096 0.9613267829923081 1.1156251593190825 1.3235950256475801 1.4843301383476495
111 999 -0.5883534656375409 -0.26393446162196316 0.1597694609894486 0.46477204900508545 0.2070417367259107 0.508072919292439 0.7583450379642096 0.9613267829923081 1.1156251593190825 1.3235950256475801 1.4843301383476495
112 1008 -0.5883534656375409 -0.26393446162196316 0.1597694609894486 0.46477204900508545 0.2070417367259107 0.508072919292439 0.7583450379642096 0.9613267829923081 1.1156251593190825 1.3235950256475801 1.4843301383476495
113 1017 -0.7139063849165208 -0.320565125458421 0.15637841589270718 0.4154783075016253 0.2552183754500289 0.5230063709521651 0.7733180986683029 0.9418886108957395 1.1292236652736407 1.2940484076376095 1.4921278471329327
114 1026 -0.7139063849165208 -0.320565125458421 0.15637841589270718 0.4154783075016253 0.2552183754500289 0.5230063709521651 0.7733180986683029 0.9418886108957395 1.1292236652736407 1.2940484076376095 1.4921278471329327
115 1035 -0.7139063849165208 -0.320565125458421 0.15637841589270718 0.4154783075016253 0.2552183754500289 0.5230063709521651 0.7733180986683029 0.9418886108957395 1.1292236652736407 1.2940484076376095 1.4921278471329327
116 1044 -0.7139063849165208 -0.320565125458421 0.15637841589270718 0.4154783075016253 0.2552183754500289 0.5230063709521651 0.7733180986683029 0.9418886108957395 1.1292236652736407 1.2940484076376095 1.4921278471329327
117 1053 -0.7139063849165208 -0.320565125458421 0.15637841589270718 0.4154783075016253 0.2552183754500289 0.5230063709521651 0.7733180986683029 0.9418886108957395 1.1292236652736407 1.2940484076376095 1.4921278471329327
118 1062 -0.7139063849165208 -0.320565125458421 0.15637841589270718 0.4154783075016253 0.2552183754500289 0.5230063709521651 0.7733180986683029 0.9418886108957395 1.1292236652736407 1.2940484076376095 1.4921278471329327
119 1071 -0.7139063849165208 -0.320565125458421 0.15637841589270718 0.4154783075016253 0.2552183754500289 0.5230063709521651 0.7733180986683029 0.9418886108957395 1.1292236652736407 1.2940484076376095 1.4921278471329327
120 1080 -0.7080508345139209 -0.29886344302404594 0.16854116620995638 0.40196691976930476 0.28168441224105306 0.5549240466856874 0.7832422606316918 0.8396543915105131 1.1523615417979158 1.286340619109269 1.5203999299206683
121 1089 -0.7080508345139209 -0.29886344302404594 0.16854116620995638 0.40196691976930476 0.28168441224105306 0.5549240466856874 0.7832422606316918 0.8396543915105131 1.1523615417979158 1.286340619109269 1.5203999299206683
122 1098 -0.7080508345139209 -0.29886344302404594 0.16854116620995638 0.40196691976930476 0.28168441224105306 0.5549240466856874 0.7832422606316918 0.8396543915105131 1.1523615417979158 1.286340619109269 1.5203999299206683
123 1107 -0.7080508345139209 -0.29886344302404594 0.16854116620995638 0.40196691976930476 0.28168441224105306 0.5549240466856874 0.7832422606316918 0.8396543915105131 1.1523615417979158 1.286340619109269 1.5203999299206683
124 1116 -0.7080508345139209 -0.29886344302404594 0.16854116620995638 0.40196691976930476 0.28168441224105306 0.5549240466856874 0.7832422606316918 0.8396543915105131 1.1523615417979158 1.286340619109269 1.5203999299206683
125 1125 -0.7080508345139209 -0.29886344302404594 0.16854116620995638 0.40196691976930476 0.28168441224105306 0.5549240466856874 0.7832422606316918 0.8396543915105131 1.1523615417979158 1.286340619109269 1.5203999299206683
126 1134 -0.7080508345139209 -0.29886344302404594 0.16854116620995638 0.40196691976930476 0.28168441224105306 0.5549240466856874 0.7832422606316918 0.8396543915105131 1.1523615417979158 1.286340619109269 1.5203999299206683
127 1143 -0.8023906085524564 -0.41114927520019834 0.20012824960249354 0.5364644650274739 0.2896055878712414 0.5075770422053529 0.6253326201397951 0.8471714617580828 1.082359296336133 1.1257579126818364 1.7637803871062228
128 1152 -0.8023906085524564 -0.41114927520019834 0.20012824960249354 0.5364644650274739 0.2896055878712414 0.5075770422053529 0.6253326201397951 0.8471714617580828 1.082359296336133 1.1257579126818364 1.7637803871062228
129 1161 -0.8023906085524564 -0.41114927520019834 0.20012824960249354 0.5364644650274739 0.2896055878712414 0.5075770422053529 0.6253326201397951 0.8471714617580828 1.082359296336133 1.1257579126818364 1.7637803871062228
130 1170 -0.8023906085524564 -0.41114927520019834 0.20012824960249354 0.5364644650274739 0.2896055878712414 0.5075770422053529 0.6253326201397951 0.8471714617580828 1.082359296336133 1.1257579126818364 1.7637803871062228
131 1179 -0.8023906085524564 -0.41114927520019834 0.20012824960249354 0.5364644650274739 0.2896055878712414 0.5075770422053529 0.6253326201397951 0.8471714617580828 1.082359296336133 1.1257579126818364 1.7637803871062228
132 1188 -0.8023906085524564 -0.41114927520019834 0.20012824960249354 0.5364644650274739 0.2896055878712414 0.5075770422053529 0.6253326201397951 0.8471714617580828 1.082359296336133 1.1257579126818364 1.7637803871062228
133 1197 -0.8023906085524564 -0.41114927520019834 0.20012824960249354 0.5364644650274739 0.2896055878712414 0.5075770422053529 0.6253326201397951 0.8471714617580828 1.082359296336133 1.1257579126818364 1.7637803871062228
134 1206 -0.7972379942257911 -0.44826236409032677 0.22386728367749226 0.5306259654252963 0.279770492310242 0.5112552402772378 0.6362931121637987 0.8212273897972359 0.9680651372850831 1.2786127245177223 1.7346649795438465
135 1215 -0.7972379942257911 -0.44826236409032677 0.22386728367749226 0.5306259654252963 0.279770492310242 0.5112552402772378 0.6362931121637987 0.8212273897972359 0.9680651372850831 1.2786127245177223 1.7346649795438465
136 1224 -0.7972379942257911 -0.44826236409032677 0.22386728367749226 0.5306259654252963 0.279770492310242 0.5112552402772378 0.6362931121637987 0.8212273897972359 0.9680651372850831 1.2786127245177223 1.7346649795438465
137 1233 -0.7972379942257911 -0.44826236409032677 0.22386728367749226 0.5306259654252963 0.279770492310242 0.5112552402772378 0.6362931121637987 0.8212273897972359 0.9680651372850831 1.2786127245177223 1.7346649795438465
138 1242 -0.7972379942257911 -0.44826236409032677 0.22386728367749226 0.5306259654252963 0.279770492310242 0.5112552402772378 0.6362931121637987 0.8212273897972359 0.9680651372850831 1.2786127245177223 1.7346649795438465
139 1251 -0.7972379942257911 -0.44826236409032677 0.22386728367749226 0.5306259654252963 0.279770492310242 0.5112552402772378 0.6362931121637987 0.8212273897972359 0.9680651372850831 1.2786127245177223 1.7346649795438465
140 1260 -0.7972379942257911 -0.44826236409032677 0.22386728367749226 0.5306259654252963 0.279770492310242 0.5112552402772378 0.6362931121637987 0.8212273897972359 0.9680651372850831 1.2786127245177223 1.7346649795438465
141 1269 -0.718035829690836 -0.3963786123231491 0.28401188375575415 0.5073430838667524 0.2515284489513191 0.5730312178663944 0.5931239645131509 0.7778631878533517 0.8751596206113839 1.3733581781020396 1.731901971681166
142 1278 -0.718035829690836 -0.3963786123231491 0.28401188375575415 0.5073430838667524 0.2515284489513191 0.5730312178663944 0.5931239645131509 0.7778631878533517 0.8751596206113839 1.3733581781020396 1.731901971681166
143 1287 -0.718035829690836 -0.3963786123231491 0.28401188375575415 0.5073430838667524 0.2515284489513191 0.5730312178663944 0.5931239645131509 0.7778631878533517 0.8751596206113839 1.3733581781020396 1.731901971681166
144 1296 -0.718035829690836 -0.3963786123231491 0.28401188375575415 0.5073430838667524 0.2515284489513191 0.5730312178663944 0.5931239645131509 0.7778631878533517 0.8751596206113839 1.3733581781020396 1.731901971681166
145 1305 -0.718035829690836 -0.3963786123231491 0.28401188375575415 0.5073430838667524 0.2515284489513191 0.5730312178663944 0.5931239645131509 0.7778631878533517 0.8751596206113839 1.3733581781020396 1.731901971681166
146 1314 -0.718035829690836 -0.3963786123231491 0.28401188375575415 0.5073430838667524 0.2515284489513191 0.5730312178663944 0.5931239645131509 0.7778631878533517 0.8751596206113839 1.3733581781020396 1.731901971681166
147 1323 -0.718035829690836 -0.3963786123231491 0.28401188375575415 0.5073430838667524 0.2515284489513191 0.5730312178663944 0.5931239645131509 0.7778631878533517 0.8751596206113839 1.3733581781020396 1.731901971681166
148 1332 -0.8190098878461572 -0.4168668805567556 0.30135599277944564 0.5700764090369806 0.2019652006067389 0.6190868268851607 0.6239501595265782 0.6732554929148499 0.8543641592747175 1.363138375176758 1.7734910351268078
149 1341 -0.8190098878461572 -0.4168668805567556 0.30135599277944564 0.5700764090369806 0.2019652006067389 0.6190868268851607 0.6239501595265782 0.6732554929148499 0.8543641592747175 1.363138375176758 1.7734910351268078
150 1350 -0.8190098878461572 -0.4168668805567556 0.30135599277944564 0.5700764090369806 0.2019652006067389 0.6190868268851607 0.6239501595265782 0.6732554929148499 0.8543641592747175 1.363138375176758 1.7734910351268078
150 1350 -0.8190098878461572 -0.4168668805567556 0.30135599277944564 0.5700764090369806 0.2019652006067389 0.6190868268851607 0.6239501595265782 0.6732554929148499 0.8543641592747175 1.363138375176758 1.7734910351268078
