% # columns="iteration, evaluation, sigma, axis ratio, bestever, best, median, worst objective function value, interquartile range, 25%tile, current best feasible f-value, elapsed wallclock time [s], further/more values", seed=780893, Sun Jun 28 20:34:33 2026, <python>{}</python>
1 9 0.9230839692320281 1.0000428580612375 2808.2805763242113 2.8082805763242113e+03 5312.04404283857 9833.202099537977 2371.356405444015 4330.337930610625 nan 0.1   
2 18 0.8489179735911921 1.1507998154949752 2808.2805763242113 4.0720273760989621e+03 4618.947784562861 6364.698434951962 1765.1723436408593 4268.2512642606835 nan 0.2   
3 27 0.935834350525028 1.2674880350387978 2808.2805763242113 3.7254473000956646e+03 4376.276798730481 5780.972134994085 684.3785609140523 4261.599449688969 nan 0.3   
4 36 1.0042561128374452 1.537795103605049 2082.1952602256997 2.0821952602256997e+03 4461.234194510378 5534.63645736326 1688.7098273957372 3454.3157116032135 nan 0.5   
5 45 1.0385353230460357 1.5362705253074835 2082.1952602256997 3.0907127398273105e+03 5353.10659894515 9658.80384385255 3176.137912324355 4452.038653561021 nan 0.6   
6 54 1.0197593674502776 1.5840371389555392 2082.1952602256997 4.7769626624041102e+03 7615.501660206171 18420.502606392965 7183.313591407567 5257.18164002301 nan 0.7   
7 63 0.9165318384214991 1.6032914920612227 2049.752822050825 2.0497528220508252e+03 4769.676003440045 6901.935673407775 2554.7968439424358 3499.361554462026 nan 0.8   
8 72 1.0078985472717956 1.6021517770632903 900.982433092224 9.0098243309222403e+02 3073.0869921241206 11269.636587788522 2102.9461681630264 1967.1490080269912 nan 0.9   
9 81 0.9964593376309652 1.938858149411416 900.982433092224 2.6336699301555036e+03 4050.9186883771517 7967.078538520898 1909.9579975136535 3334.5362437566005 nan 1.0   
10 90 0.9478003698993681 2.012300384873747 900.982433092224 1.7380116206193134e+03 3287.4378589536623 4007.2678269472826 1322.6286853992328 2350.4492021802134 nan 1.1   
11 99 0.8221866749270549 2.0503506343385927 900.982433092224 1.0589392502024248e+03 3522.593382088681 6459.239104699809 2077.587807211923 2983.7985295815315 nan 1.2   
12 108 0.7536955091118533 2.1393378000085823 900.982433092224 1.3817910418441047e+03 2335.0438947949983 3306.4541305553316 951.508143301417 2061.8260433491755 nan 1.3   
13 117 0.6994552813224818 2.324479765658592 900.982433092224 1.4261705928684346e+03 2516.113906444663 7476.502701842847 2191.357720881496 1915.1959508039608 nan 1.4   
14 126 0.6428151476070041 2.4500157954414163 900.982433092224 1.3878977790932574e+03 3776.2245283335687 6271.601393137617 2576.3438507765763 2034.0693256669524 nan 1.5   
15 135 0.6007994191311472 2.632413928903313 900.982433092224 1.9467004687320748e+03 2537.5489569042916 3707.5945376485806 922.8554320202807 2278.3226233762307 nan 1.6   
16 144 0.6101223907765977 2.7681513568609617 900.982433092224 1.7424888995937974e+03 2306.6510981758684 3604.5746937281974 609.3518151511585 2153.764415466506 nan 1.7   
17 153 0.6367049910064164 2.7307962398103265 900.982433092224 1.4510572972289528e+03 2496.1130370318797 3673.2535757249216 1622.6575207383426 1655.123991743218 nan 1.8   
18 162 0.6277636753584678 2.679207116977708 900.982433092224 1.3490564320671024e+03 2605.955659643925 3127.923498850756 1122.7991522072 1715.1396092168377 nan 1.9   
19 171 0.5876953520635696 2.898903864905948 868.6508529237477 8.6865085292374772e+02 1840.5688453710898 3128.0683114411763 1566.215513751141 1146.5277321302099 nan 2.0   
20 180 0.6175547378382038 3.195872578561171 867.485251792454 8.6748525179245405e+02 1405.6712421467537 2593.421889324682 804.6329631073577 1096.7674432954414 nan 2.1   
21 189 0.6076578306428758 3.2670674410954716 867.485251792454 8.7865534288925357e+02 2174.8122594460915 3173.3017070660117 1226.4885408813095 1229.3970903324064 nan 2.2   
22 198 0.5689288831684467 3.3864601171378004 768.2478781538788 7.6824787815387879e+02 995.0300527775382 1989.1598099689932 699.1090897385332 865.964831259965 nan 2.3   
23 207 0.5188505043880968 3.279984714854811 768.2478781538788 1.1222683602250870e+03 1621.4436130828844 2848.5217692165334 401.8422212959738 1426.0837086660556 nan 2.4   
24 216 0.47959678004944306 3.4041261589601968 686.4241392444865 6.8642413924448647e+02 1219.4952634002839 2143.407438548169 359.16890444011983 1089.9727594302062 nan 2.5   
25 225 0.4600751503372919 3.502438713492422 686.4241392444865 7.4359012869173580e+02 1170.4100383645464 2501.7782378345873 1064.1216038192172 820.9890680802039 nan 2.6   
26 234 0.4452599154471489 3.932628646263131 686.4241392444865 7.7033641729773717e+02 1048.720110286508 2022.2415978842703 482.2486115108934 841.6621311935389 nan 2.7   
27 243 0.45360531595574183 3.9798985018978446 686.4241392444865 8.8196172182341854e+02 1249.832414566703 1640.6849212795391 496.99054823540644 951.4150023856022 nan 2.8   
28 252 0.4275260319244764 4.00401313347647 686.4241392444865 8.9378911371575680e+02 1033.0553313630387 1653.0310072391212 453.8928022921249 984.7171000301065 nan 2.9   
29 261 0.41873575550612546 4.3753564536087275 686.4241392444865 7.9796320209784778e+02 1009.5285923356779 2070.8613829231435 351.2228107679888 918.9105679277724 nan 3.0   
30 270 0.4228062726416005 4.781372096676231 604.6596192360546 6.0465961923605460e+02 1060.2638543340004 1399.4676468007442 285.7046377419699 940.4494400659839 nan 3.1   
31 279 0.40204394878056954 5.055244074777937 604.6596192360546 6.8220996111064073e+02 1089.9119521175098 1513.5348914847123 481.3078986582575 845.3930917872874 nan 3.2   
32 288 0.3824927012861908 5.297039169946418 604.6596192360546 7.0083909062435362e+02 961.1063343211349 2388.9790912724093 266.6416914151522 866.970012737154 nan 3.3   
33 297 0.3892822052522446 5.6787988589521285 604.6596192360546 6.7859404306157887e+02 1021.3356132414251 1320.932647381612 220.45657554784532 848.0369635043138 nan 3.4   
34 306 0.3570485051154934 6.632021235829391 604.6596192360546 6.2405115433005813e+02 923.1065900099279 1119.9576249790057 241.78356978050465 813.886389929193 nan 3.5   
35 315 0.33944046740449707 6.90221647476099 604.6596192360546 6.4086697743310003e+02 867.7766492699398 1020.1233901509897 186.25125972891988 739.7395792483653 nan 3.6   
36 324 0.35444844759000665 7.285931639840249 604.6596192360546 6.5926347557341148e+02 856.9863665167763 1030.1071963183847 208.58381202589567 747.5526733731531 nan 3.7   
37 333 0.354550235343559 7.424703557137273 604.6596192360546 6.5974397788715532e+02 953.7963313955235 1614.1153849144314 470.8592410021879 795.0418743011339 nan 3.8   
38 342 0.36440451001242685 7.763996727171972 604.6596192360546 6.5855282474170258e+02 745.8735975392308 1261.6802571569442 318.9620534406438 661.3875581264381 nan 3.9   
39 351 0.4032524284647982 8.304258067934141 593.3938434209564 5.9339384342095639e+02 709.6621376143007 1333.2701111609313 173.98707457359524 620.4936082630525 nan 4.0   
40 360 0.3858427171300858 8.199608682349762 593.3938434209564 6.0414400757701969e+02 940.4277685835564 1581.5652930042093 271.23496659936086 713.7409019045735 nan 4.1   
41 369 0.3718456976569902 8.289947907183196 567.9053543709813 5.6790535437098129e+02 659.3334193316541 1389.6187000797581 116.68738232097542 594.648649641408 nan 4.2   
42 378 0.3323203492789089 8.190657085588468 567.9053543709813 5.9805812119971984e+02 651.0908068226397 1674.6366218872508 275.18912592391666 621.1451316458688 nan 4.3   
43 387 0.294369010459412 8.821875574679071 567.9053543709813 6.2105675222636717e+02 750.2475215930663 1607.1608097504702 474.9184010996404 634.4306146839436 nan 4.4   
44 396 0.2657931783023103 10.007733350334657 567.9053543709813 5.8685369352409623e+02 650.6035087704961 769.5891792862308 97.14507491911615 625.9759159944518 nan 4.5   
45 405 0.22796825077329375 9.896223398197174 567.9053543709813 5.7361378301391960e+02 659.2106581408059 930.9722546699422 160.21831320501246 598.7864359040909 nan 4.6   
46 414 0.23136625912203648 10.564930179502596 567.9053543709813 5.7952099661626607e+02 643.475753863991 995.431775393603 208.82069024823954 599.6714811087693 nan 4.7   
47 423 0.22867648095154075 10.645402215481589 553.0468752003403 5.5304687520034031e+02 570.0362511543594 748.1751129437669 38.06882141227834 558.442973053807 nan 4.8   
48 432 0.25878624425411373 10.74445674749801 536.1354357755649 5.3613543577556493e+02 605.8795892702303 783.9662971739829 115.00769652065208 557.9036908362614 nan 4.9   
49 441 0.25951690035518066 12.17173558182862 536.1354357755649 5.4038546514788868e+02 612.7121965950375 789.8568491178861 67.3001936224897 590.2181256604623 nan 5.0   
50 450 0.2506540749186287 12.526737319464178 528.7007715506569 5.2870077155065690e+02 575.9190544918612 734.7351729573973 121.36985949232621 545.9680516047334 nan 5.1   
51 459 0.2271237271856845 13.543993601480205 528.7007715506569 5.6255283820286149e+02 575.4450073530677 708.3629546622047 67.07810629515086 571.990712239992 nan 5.2   
52 468 0.2042347805950126 13.444837094716636 528.7007715506569 5.3599500965171046e+02 555.9442840037358 643.043927731664 50.351045404838146 538.646611060237 nan 5.3   
53 477 0.19069236944663276 13.29713761405488 528.7007715506569 5.3433021320511932e+02 557.7246524863742 670.1676244674132 51.3618942798563 543.6324440827943 nan 5.5   
54 486 0.17771893258807253 13.424812430862616 522.3781298687454 5.2237812986874542e+02 545.3138723623078 763.257449236286 146.60088657319886 535.8178570667418 nan 5.6   
55 495 0.17106274542061178 13.976929139212594 522.3781298687454 5.2262460055962401e+02 564.208604037729 653.5026869585553 50.16378839747199 540.0034770097877 nan 5.7   
56 504 0.16332438106761368 13.725457587222929 519.745269743852 5.1974526974385196e+02 541.5705227314493 621.0493914700492 18.84584323474246 538.1687397335563 nan 5.8   
57 513 0.16656585518859307 14.129691012756536 515.3525384697147 5.1535253846971466e+02 530.9269477821472 678.318968746799 49.533982757074114 521.9973376207353 nan 5.9   
58 522 0.16604923334729188 14.998484016870941 513.2125213196266 5.1321252131962660e+02 540.1566515732682 612.6618247108811 46.027357458280335 520.9450358959492 nan 6.0   
59 531 0.16976344002417582 15.030367697215096 498.30247829452344 4.9830247829452344e+02 529.2412823374111 785.3096572907534 41.008852840999 510.63488101981704 nan 6.1   
60 540 0.17793578055708262 15.665858833975268 498.30247829452344 5.0052276512480455e+02 524.1763298947773 557.8568897673457 30.97369982132608 508.9332907605913 nan 6.2   
61 549 0.16483746621713657 17.766399280736252 497.15584706888035 4.9715584706888035e+02 540.7705879594104 655.5547221582381 63.126323956021565 509.22016595847015 nan 6.3   
62 558 0.18378619187452022 18.649364393498995 461.97085488313405 4.6197085488313405e+02 513.3861277972228 551.8893009332551 22.654321973955803 496.5101254490221 nan 6.4   
63 567 0.18507399049156648 21.13989026564869 461.97085488313405 4.9575988363840207e+02 574.5937007883377 884.0213309194992 144.2328152958969 515.2749214154182 nan 6.5   
64 576 0.16823879328749783 21.0086731566553 457.3709458341642 4.5737094583416422e+02 524.7815908991747 771.1778509244904 81.60478410438418 499.1008980749788 nan 6.6   
65 585 0.17369597640748577 22.385149301207274 452.0094071100066 4.5200940711000658e+02 489.82996053809313 527.3740557315738 47.876976666814755 467.49508440931896 nan 6.7   
66 594 0.17070746658777688 24.166919378111356 452.0094071100066 4.8410181265783115e+02 527.469815446873 1094.4190946867795 314.1079396080902 497.7142029914269 nan 6.7   
67 603 0.16499167619727373 23.82371138127964 452.0094071100066 4.6227981403084686e+02 513.19096000555 640.9844052718108 68.56654955951643 478.92536720040044 nan 6.8   
68 612 0.15908497961891976 22.80112202240194 452.0094071100066 4.8185252340472732e+02 504.31829517612584 994.6592958984897 74.34763265685945 485.8454587628229 nan 6.9   
69 621 0.1468297833185647 21.479872460332253 452.0094071100066 4.5564583157525016e+02 504.0885693125184 539.6799233671572 34.95033921203151 479.4922546901281 nan 7.0   
70 630 0.1421067404075636 21.96791307161791 452.0094071100066 4.6029474997843590e+02 479.66004697531116 935.1200952205568 59.15520844984917 471.5095993182175 nan 7.1   
71 639 0.13927633822165278 20.040596736447824 452.0094071100066 4.6542449143708166e+02 473.2643999337604 519.3731523368092 31.16505818798123 469.49603956132205 nan 7.2   
72 648 0.14005093533140706 20.503148718747305 452.0094071100066 4.5760192292010356e+02 467.2121950200578 586.8632304429243 14.67764203414805 459.41490411178063 nan 7.3   
73 657 0.14468444236754477 19.98554396200636 452.0094071100066 4.7122045418590290e+02 474.66119895802467 671.8663788026167 23.436290016957344 471.89078326584547 nan 7.4   
74 666 0.12967145583463627 21.560137779365334 452.0094071100066 4.5217950012558902e+02 504.3977386025747 717.2149427209366 134.4253484174031 471.5920020815303 nan 7.5   
75 675 0.1329627554202674 20.307119312238488 452.0094071100066 4.5467494611710447e+02 468.5781234430008 647.9732844044381 53.20669254286969 465.50553029035217 nan 7.6   
76 684 0.13680452986584427 21.019002301581413 452.0094071100066 4.5491179225214540e+02 484.2592781398778 849.6763311844784 22.764043426243802 473.97952253334233 nan 7.7   
77 693 0.14592657674994022 21.001627290339655 452.0094071100066 4.7732148882775687e+02 482.73725897522877 929.9738151483687 18.909814009891704 480.37806562896503 nan 7.8   
78 702 0.1463542576805218 20.07399310405942 452.0094071100066 4.6007563856845024e+02 478.7099973323727 506.475972490712 11.771256023071828 475.24120720502333 nan 7.9   
79 711 0.1454464908226584 19.530202331069805 452.0094071100066 4.6457680495596173e+02 481.5357025040861 634.508807918124 41.03422128037039 467.7145450151917 nan 8.0   
80 720 0.14669237200364477 18.254996318536804 452.0094071100066 4.6139815177021200e+02 478.27470037703154 712.4486543214346 9.827191703405447 470.143572310011 nan 8.1   
81 729 0.1354153545077452 18.40744395945851 452.0094071100066 4.5331203216520640e+02 476.3724963313056 613.7391143143859 32.743859277623415 461.5161070993652 nan 8.2   
82 738 0.12708096567119162 18.012894104411064 452.0094071100066 4.6169419460790482e+02 470.69324296601883 688.1356095154226 61.240210286691195 463.5924325861894 nan 8.3   
83 747 0.11671242330148429 18.90313438529102 452.0094071100066 4.5366828379375107e+02 470.57032739229226 482.0474814527875 10.214555716598454 466.10678083346517 nan 8.4   
84 756 0.11267716431889835 18.76682736082877 452.0094071100066 4.5247494985833163e+02 470.10507614971755 540.6378096281219 16.53618183330343 461.8650642502854 nan 8.5   
85 765 0.10675544093785305 19.103873072978825 452.0094071100066 4.5740772886012508e+02 469.38017940506177 558.208308990284 48.219774996561114 461.0291738515406 nan 8.6   
86 774 0.0945835831409698 19.02309324855575 450.29083788657306 4.5029083788657306e+02 458.1543188480898 499.6156791531646 14.732504392672581 453.10838087588377 nan 8.7   
87 783 0.08892989861000976 19.75828367608842 448.9760672155737 4.4897606721557372e+02 459.8902508239345 528.7398851798345 18.559802968627594 454.39544948590657 nan 8.8   
88 792 0.08094243789564802 19.854947603018843 448.9760672155737 4.5251667229893167e+02 476.7261137908825 555.2759136905413 33.181850498434244 461.5044202788187 nan 8.9   
89 801 0.09102719627046926 20.440335845235865 448.72370961625853 4.4872370961625853e+02 457.5713021104907 468.8923032278786 6.823298359791806 453.5031656225917 nan 9.1   
90 810 0.08853924610338236 20.86262200335866 448.72370961625853 4.4995282740071616e+02 456.035138637733 498.40015522061606 31.869994665116224 453.0844052120973 nan 9.2   
91 819 0.08219299089241394 21.954064159120865 448.72370961625853 4.5443473707183205e+02 458.76126882780073 470.83888928811564 9.758644844189348 454.7321224947459 nan 9.3   
92 828 0.0778631950334551 21.725153108278608 448.72370961625853 4.5310880754288121e+02 459.88940810398617 482.7847157022628 7.917289989554547 458.14204552501883 nan 9.3   
93 837 0.06715870641526886 22.187698409294445 448.72370961625853 4.5028734125801867e+02 457.3662075933511 490.76658052364513 7.4333845881436105 453.73695510547617 nan 9.4   
94 846 0.06381852640232737 22.295609501058188 448.28604596898515 4.4828604596898515e+02 451.7451411617482 458.92675616802563 4.212512075333677 450.9752187654696 nan 9.5   
95 855 0.06118614042375372 23.60345824655301 448.28604596898515 4.4945082942807028e+02 452.0964854821744 489.2357965780817 3.401497731126085 450.48979260890144 nan 9.6   
96 864 0.0633181621776761 25.071787892219305 445.9099996464571 4.4590999964645709e+02 448.5302595162091 480.5379864652953 10.860729393900442 447.20898977573336 nan 9.7   
97 873 0.0670823675607663 27.332453502782833 445.9099996464571 4.4632019956905566e+02 455.5654692422645 513.2516751877893 19.22105878001821 450.72612439716556 nan 9.8   
98 882 0.06666036814286003 29.409570005604877 445.9099996464571 4.4807291724900210e+02 450.91332466702136 474.55386766196546 4.240095328898917 449.7745410421806 nan 9.9   
99 891 0.06364956858018564 29.58805614025835 443.8543734330586 4.4385437343305858e+02 449.49027345758884 485.72757301496193 6.282058836732347 447.62070361395456 nan 10.0   
100 900 0.06459191060715694 32.413104864135775 442.1677354497154 4.4216773544971539e+02 450.3311779209498 486.62166584344806 21.199927903438493 444.6266388210506 nan 10.1   
101 909 0.061560333028331055 34.84258349894457 442.1677354497154 4.4540957767938858e+02 447.96096515030376 463.93070899632664 4.601888937371768 446.2151442005098 nan 10.2   
102 918 0.062409235412745026 34.8674573634178 441.82077295257 4.4182077295257000e+02 446.8008494436956 453.5918819551839 8.106584736058949 443.6446439477955 nan 10.3   
103 927 0.06674115688306934 36.549687860296416 441.7090292696835 4.4170902926968353e+02 445.77375543771734 527.5851522353431 28.54120377679186 442.0192853761235 nan 10.4   
104 936 0.0647195500643179 36.7532696755211 440.7265348279762 4.4072653482797620e+02 445.64919098764824 461.3196123338174 13.035889405981834 442.26431140716915 nan 10.5   
105 945 0.058936631027171935 36.80159820783685 439.103517092091 4.3910351709209101e+02 444.2617906883005 486.2337444033532 8.516325066345246 442.84992078852673 nan 10.6   
106 954 0.05552116065241539 37.08879381407127 438.199046306638 4.3819904630663802e+02 444.0631650385003 468.00555125433766 9.562481151246402 441.3387161815441 nan 10.8   
107 963 0.05138242842564037 36.839618112742826 437.80871073926187 4.3780871073926187e+02 442.57500992683487 481.12103659130304 15.900440619959454 440.6740635845099 nan 10.9   
108 972 0.05241997841030821 35.99332180503013 437.48156226798 4.3748156226798000e+02 440.2712007515802 483.15429527175957 20.06166557637522 438.88019068150345 nan 11.0   
109 981 0.04735006851564991 33.34382058716305 436.8136753399226 4.3681367533992261e+02 441.76026180432484 471.6779011111 12.312723794985573 439.8252380602454 nan 11.1   
110 990 0.04177911227787365 32.359674378111855 436.8136753399226 4.3779352377919270e+02 441.0992634889646 464.0620035495907 9.123966075853332 438.94468948209965 nan 11.2   
111 999 0.04212486433870698 30.980609540160458 436.8136753399226 4.3755307703822336e+02 438.40202822956076 472.9882091955102 3.703937422186641 437.7959192906583 nan 11.3   
112 1008 0.04069168069608076 28.34184815192597 436.8136753399226 4.3758447558103217e+02 441.53616074454175 475.2357703662718 9.810528951210244 439.30198699310233 nan 11.4   
113 1017 0.03683020897536474 27.920622366424986 436.8136753399226 4.3725646468148443e+02 440.43258506491975 455.36229278457995 7.03482312431214 439.60718555776083 nan 11.5   
114 1026 0.03368203992179252 27.7916013416346 436.8136753399226 4.3722273752898985e+02 439.6098991701218 448.0940364006017 6.157522961876111 437.5826655465461 nan 11.6   
115 1035 0.03253617293159834 27.24427105064684 436.8136753399226 4.3720225576023256e+02 438.7907081475828 453.51345411113806 4.0840963965678725 437.9583996611801 nan 11.7   
116 1044 0.031099765071175865 27.554107975532165 436.8136753399226 4.3724488846393081e+02 439.59692136067656 458.6954538336207 3.4545010933574645 438.802673517558 nan 11.8   
117 1053 0.03189977777349726 26.52441147906297 436.8136753399226 4.3729626288699609e+02 441.4974853001881 444.57294168572685 4.286384137788275 438.03224863011417 nan 11.9   
118 1062 0.032136628155364846 26.97770907732565 436.8136753399226 4.3758687580877904e+02 439.04256526337326 445.4382436575245 4.459724698538253 438.49284815960914 nan 12.0   
119 1071 0.032426021683910754 26.862169033920196 436.8136753399226 4.3714573047132626e+02 438.4515279014993 443.7015030042164 1.9079263993100426 437.57371668177194 nan 12.1   
120 1080 0.034332270187636245 27.03581691002556 436.41312449246277 4.3641312449246277e+02 438.3850592866896 441.96267874754295 2.0186420538493053 437.0376032607961 nan 12.2   
121 1089 0.03223990356216689 26.064740546259454 436.41312449246277 4.3683306230913826e+02 439.4947877496004 461.71120542550824 6.251074549548605 438.272202920271 nan 12.3   
122 1098 0.028339412912362284 26.527619149821394 436.2660037052113 4.3626600370521129e+02 437.1705426509495 443.09387466377166 2.733716008113845 436.79368561812015 nan 12.4   
123 1107 0.028686312224098218 24.488630440655136 436.2660037052113 4.3685348321702133e+02 437.6470504106703 440.29268485229755 0.7651536784710515 437.1428607135946 nan 12.5   
124 1116 0.024594484873642634 24.133370812750528 436.2660037052113 4.3685185333840604e+02 437.5913054968241 448.9877506360233 3.6269849470875215 437.12968366143684 nan 12.6   
125 1125 0.02264156344452624 22.52776466465515 436.2660037052113 4.3666918068827187e+02 437.7070922062759 445.5905773289312 0.8038082596740992 437.0655751157365 nan 12.7   
126 1134 0.02194270110613069 22.495551468355107 436.2660037052113 4.3631327591822912e+02 436.9374478399799 441.6147079360427 0.6985870475485285 436.69601663088247 nan 12.8   
127 1143 0.024458664806479142 21.61591167836988 436.2660037052113 4.3666992404787374e+02 436.9217373180559 444.45997498327705 0.2598630337917598 436.8317443556759 nan 12.9   
128 1152 0.026273816623827308 22.40910937877091 436.20033820644596 4.3620033820644596e+02 436.8739940498836 438.0205973521597 0.7071860689162008 436.45125347467604 nan 13.0   
129 1161 0.029211225596273423 22.051295774308564 436.1864994234213 4.3618649942342131e+02 436.73936186472076 444.2032633868506 4.086828285106094 436.4597005282385 nan 13.1   
130 1170 0.027851831451224544 23.883194659424838 435.9106749405085 4.3591067494050850e+02 437.2126533467293 442.30777253995075 1.359491877373273 436.77300290332255 nan 13.2   
131 1179 0.025839430463371334 23.041214740763603 435.6962453026208 4.3569624530262081e+02 436.8539003941635 441.43443264143514 0.8818944832935358 436.3833755607543 nan 13.3   
132 1188 0.027265507837285707 23.345722023809596 435.6962453026208 4.3587422209651629e+02 436.85190571842537 441.7635589465672 1.6854569320419728 436.3451876471443 nan 13.4   
133 1197 0.026799693775550866 23.57018072536768 435.6962453026208 4.3615066356810240e+02 437.07509850692145 441.92441920467684 2.48622550552858 436.18523337539085 nan 13.5   
134 1206 0.022986587159086417 23.321274970812016 435.6962453026208 4.3616698873136147e+02 436.55324489704367 437.88253068695445 0.8888420499355334 436.3162640824239 nan 13.6   
135 1215 0.020209911453473662 22.13516530975584 435.6962453026208 4.3590197533588747e+02 436.5941149620536 438.8329844873534 1.1022874373607578 435.9980673494511 nan 13.7   
136 1224 0.0191362744587882 22.433419007352807 435.6962453026208 4.3570046484314662e+02 436.25252191402853 439.02350785847455 1.2462533360981638 435.81499801138347 nan 13.8   
137 1233 0.019198853254757963 22.736811887347802 435.6962453026208 4.3581041361114478e+02 436.26180581122077 440.7383113899273 1.563986377412732 435.9650721996251 nan 13.9   
138 1242 0.018498635732708924 23.120507314719184 435.6962453026208 4.3592455883732362e+02 436.132885699475 438.41076771504646 0.4951649627756751 435.9663023766866 nan 14.0   
139 1251 0.017725615334187213 24.157137599836243 435.6962453026208 4.3583437991025318e+02 436.1159420930228 438.25214829307544 0.5670465753669305 435.89206455528176 nan 14.1   
140 1260 0.017327942591366954 24.694198723038667 435.6962453026208 4.3584297313490197e+02 436.0850529511806 437.32499278524426 1.0762703946023748 435.9413545032174 nan 14.2   
141 1269 0.016762383662347596 26.14988094150764 435.6962453026208 4.3578691227057175e+02 436.06897176769985 436.78168229598657 0.45593968633653503 435.98840235836684 nan 14.3   
142 1278 0.014713798695592528 25.950124749993726 435.6962453026208 4.3582006321557742e+02 436.05890082294616 439.91104072939777 0.5610302909282723 435.89376250816275 nan 14.4   
143 1287 0.013486124777076648 25.892065307643378 435.6962453026208 4.3591969949159648e+02 436.195729766233 438.61090991733386 1.2521567751919065 436.01046660425766 nan 14.5   
144 1296 0.012953199195446635 26.626669916946643 435.6962453026208 4.3575375208135597e+02 436.10292052891316 436.79840431354523 0.7260607485084165 435.8289681190987 nan 14.6   
145 1305 0.013047580648688271 26.5291893563872 435.6962453026208 4.3579595633008773e+02 435.9117083003976 436.6826175496849 0.29337858395120975 435.86561276265314 nan 14.7   
146 1314 0.01361120483600406 26.79350291083606 435.6962453026208 4.3573912172425764e+02 435.825497971491 436.44042293331756 0.5177932760470867 435.79244374587626 nan 14.8   
147 1323 0.01593959593131258 27.085155582666854 435.6602781225032 4.3566027812250320e+02 435.8866456713845 436.95559987915817 0.4059127436593144 435.69249514219473 nan 14.9   
148 1332 0.017695191850113482 26.1759966816843 435.6602781225032 4.3570229669660932e+02 435.8560210192071 436.8140744994079 0.6640569674510175 435.8144870532922 nan 15.0   
149 1341 0.019719823892390353 27.7133565866842 435.57570886848146 4.3557570886848146e+02 436.015893772825 436.967996858599 0.5369293202655285 435.6949935559435 nan 15.1   
150 1350 0.021775987073209487 27.18775450722727 435.57570886848146 4.3560586494405646e+02 435.9912213797819 437.1146425056591 0.6829576960640793 435.76383343670557 nan 15.2   
