% # columns="iteration, evaluation, sigma, void, void,  stds==sigma*sigma_vec.scaling*sqrt(diag(C))", seed=780893, Sun Jun 28 20:34:33 2026, <python>{}</python>
1 9 0.9230839692320281 0 0 9.023732618362889 9.311819803245482 9.238684367201369 7.388250995641971 1.995294630214644 2.107876723836754 2.139086215371369
2 18 0.8489179735911921 0 0 7.9583550401846415 8.411188523529722 8.47914798981591 6.664416363366736 1.8420684683242312 1.8965638111638214 2.0360477641200347
3 27 0.935834350525028 0 0 8.554090260080228 9.33254635250576 9.474974208549162 7.229214064134778 1.878450649142131 2.261184145553678 2.3333333333333326
4 36 1.0042561128374452 0 0 9.050184782131618 9.912842319092025 9.977383394271609 7.762201838707093 2.0760340015758123 2.3333333333333326 2.333333333333333
5 45 1.0385353230460357 0 0 9.036799431595549 9.984554298529744 10.230035681132302 8.014139918994026 2.1503650923389976 2.3333333333333335 2.3333333333333335
6 54 1.0197593674502776 0 0 9.59994163612409 9.585791671016873 9.8844926808468 7.621212204026783 2.2156048703323568 2.2874413629369394 2.2783650003280425
7 63 0.9165318384214991 0 0 9.160939532075048 8.428715736258242 8.646181434036853 6.810772046883547 1.9157660722629124 1.986339465067573 2.0059905501576574
8 72 1.0078985472717956 0 0 10.8385171465172 8.927829158919664 9.844846816518196 7.247203710025528 2.030839721439176 2.210013154285035 2.333333333333333
9 81 0.9964593376309652 0 0 10.59501598377803 8.662343041992944 9.634953702113163 7.1463441208789735 1.9666006611008344 2.231821484549137 2.203163258335642
10 90 0.9478003698993681 0 0 10.095631337655455 8.163868140656522 9.060232612080732 6.333999591247048 1.8302218484180788 2.143905559234815 2.100593551756481
11 99 0.8221866749270549 0 0 8.701412227897885 6.966823429051765 7.892313826610729 5.523348289744729 1.4813836360992876 1.8546099552700872 1.7471201195954977
12 108 0.7536955091118533 0 0 8.182226029588934 6.254271030340564 7.13698050422214 4.881143070194399 1.3261269776658706 1.7166575237630588 1.581473909055129
13 117 0.6994552813224818 0 0 7.17721189601161 5.708890497992192 6.642616155594534 4.566877462588821 1.1550788959509608 1.5898287607877781 1.4683782926646236
14 126 0.6428151476070041 0 0 6.4579506384845535 5.287198416329497 5.980608323838134 4.173243731492309 0.9654177156395983 1.4582805245997692 1.338806027575409
15 135 0.6007994191311472 0 0 6.027802288656611 4.952428234477781 5.575785927451657 3.9295837528595494 0.8557558117033176 1.3483665370520903 1.232981837357333
16 144 0.6101223907765977 0 0 5.8701003136665735 5.178109590398812 5.666271929678627 4.034668488864398 0.8603712752180297 1.334764082448237 1.2202899182917095
17 153 0.6367049910064164 0 0 6.073335737674963 5.248620191710852 6.008745650382905 4.329664738082427 0.8682363757157532 1.3849678531778375 1.2465043807958582
18 162 0.6277636753584678 0 0 6.007777218776097 4.748596339728732 6.1858951585615225 4.2034592436145495 0.8186054896283255 1.3863288253074906 1.2506025667988798
19 171 0.5876953520635696 0 0 5.739581310036473 4.485462918119552 5.7652346511823325 3.822648846023379 0.7294041896061407 1.3848782084370201 1.1929069990932974
20 180 0.6175547378382038 0 0 6.234498773349553 4.75973488423624 5.783982871701556 3.9281551867428925 0.7342041715298969 1.524517015075672 1.2493428312344872
21 189 0.6076578306428758 0 0 6.181839217229594 4.841565468221946 5.60693695474305 3.8533805607318685 0.6787855405570713 1.4726070946308005 1.1694806762400505
22 198 0.5689288831684467 0 0 5.379891415859114 4.487570072745182 5.240563365517304 3.6184195360016385 0.6176244342186251 1.3593744098401954 1.0393423594057085
23 207 0.5188505043880968 0 0 4.574813622979365 4.045432684532997 4.7323019824616654 3.2895924616225116 0.5361977303262916 1.2826834495585406 0.9429716261057588
24 216 0.47959678004944306 0 0 4.076244008947301 3.75803659104826 4.400444573580998 3.007144638029968 0.4874255106017347 1.1589558045641601 0.8820493059864105
25 225 0.4600751503372919 0 0 3.9648056545249335 3.8648571186174814 4.228318490306195 2.8913256130710163 0.43185077451035764 1.0792605506462662 0.8606242132138858
26 234 0.4452599154471489 0 0 3.8674658918742066 3.7300636089703603 3.859027053712095 2.856354266356014 0.3984375656384691 1.0342841785919386 0.8190221073105827
27 243 0.45360531595574183 0 0 4.037362002906962 3.818247001357435 3.9433810719072375 2.8855025759647477 0.40336411201261413 1.0236680506474052 0.8375355758942966
28 252 0.4275260319244764 0 0 3.824826024432973 3.5790669912924664 3.759976985509555 2.639969391307122 0.3560290254692632 0.963104154393993 0.7821548608675541
29 261 0.41873575550612546 0 0 3.8120535512348885 3.3185141975245376 3.6561027749313357 2.5878626599842236 0.3343543033465686 1.0175914855291377 0.7874908432647977
30 270 0.4228062726416005 0 0 3.8387856526626933 3.1891641884651514 3.839884514032375 2.6968364426138347 0.31905566986893397 1.0552386725560297 0.8126183666247692
31 279 0.40204394878056954 0 0 3.72811851373372 2.982691661906564 3.6829201465080126 2.550452980481313 0.2874570857573065 0.9560826761925543 0.7705079517694766
32 288 0.3824927012861908 0 0 3.5247855187060217 2.89172196364586 3.530766006914135 2.4769095960840954 0.2564957166009722 0.9143690042559133 0.7371903278534032
33 297 0.3892822052522446 0 0 3.574716065349831 3.2055291757352466 3.713609537415311 2.4975689244052957 0.23057946981144362 0.9511795392231557 0.7991756969740748
34 306 0.3570485051154934 0 0 3.2425940316212074 2.88196227497248 3.317411071463818 2.2425039494662777 0.2094972307859103 0.8616065942754793 0.7617937342446667
35 315 0.33944046740449707 0 0 2.9766648287405184 2.7489895458925027 3.1977853712213937 2.108809758201633 0.18749900385829646 0.8364519362706715 0.7088984011816892
36 324 0.35444844759000665 0 0 3.1980640694142646 2.8551434994759943 3.090668906264909 2.1562624010478326 0.19682548147496964 0.9260303773588227 0.7583461534571915
37 333 0.354550235343559 0 0 3.0578412376252886 2.72570898859727 3.06323980948266 2.0499465514407165 0.18961317495499688 0.9592996959905391 0.8023294104922916
38 342 0.36440451001242685 0 0 3.203403641568659 2.7842294097112537 3.0039110071582487 2.1104047497329366 0.19109899074389552 1.0243420999380997 0.8677605726936642
39 351 0.4032524284647982 0 0 3.464804555778684 3.080276858289834 3.286195629014158 2.2762821302005003 0.21782015650291842 1.159679312788306 0.9826802007151344
40 360 0.3858427171300858 0 0 3.2708384599196405 2.921141160963399 3.107126920190082 2.2109131252876137 0.20443608985831296 1.1098302081688112 0.9199033280051886
41 369 0.3718456976569902 0 0 3.084095720880756 2.8886267258436504 2.849557256208331 2.143889642887436 0.18984220918981068 1.007633095426118 0.8621822930045504
42 378 0.3323203492789089 0 0 2.782372520845378 2.5073888818611314 2.5960282808116495 1.9097362319904876 0.1599891266528941 0.8704649226908957 0.7723368228198655
43 387 0.294369010459412 0 0 2.4707088880952868 2.243390813023452 2.2475907272052504 1.6736893819350966 0.12704157119155482 0.7691356132144518 0.6867936272546743
44 396 0.2657931783023103 0 0 2.1916137017528 1.9682011420988095 2.0314128828173414 1.4780714282133645 0.11301325636318128 0.6861767643921053 0.6112965668520457
45 405 0.22796825077329375 0 0 1.803591425895248 1.630987978455579 1.742147564032119 1.259143710910641 0.08770997593202697 0.5773820085594299 0.5132375202637884
46 414 0.23136625912203648 0 0 1.7297906519909072 1.5958808385866408 1.745738575677767 1.2234110609964401 0.0886141177295679 0.6196669933556085 0.5151782082500239
47 423 0.22867648095154075 0 0 1.6576414377873716 1.573514179330717 1.659523781752053 1.2290984550313235 0.08593349527915778 0.6137320516480372 0.49453852867771764
48 432 0.25878624425411373 0 0 1.8644932851574445 1.8457951380685027 1.9081335176349452 1.424449624129049 0.1001559585845697 0.7824083469890288 0.5870393812807229
49 441 0.25951690035518066 0 0 1.8085835548974356 1.7747420957438433 1.9139204771695026 1.3500305875597518 0.09906550275142648 0.8103058404039033 0.582443594447208
50 450 0.2506540749186287 0 0 1.6799839798425715 1.741593283010447 1.8759818387787017 1.3041912370916977 0.0905235523893836 0.7849897108147869 0.574070818483625
51 459 0.2271237271856845 0 0 1.5019221715682087 1.5916191310506955 1.6201527112662168 1.1246747233809047 0.0823005877786494 0.6995577474549033 0.5150254533036124
52 468 0.2042347805950126 0 0 1.342117312947452 1.3695532253283442 1.4637396900643118 0.9753393003535924 0.07351852857661573 0.6138684646222259 0.4631837043304921
53 477 0.19069236944663276 0 0 1.2152794560470055 1.2819067284955374 1.3831686070339433 0.9072918614979679 0.07092418480331858 0.5682263632649632 0.4373747090821202
54 486 0.17771893258807253 0 0 1.1485616970818475 1.1812732451373484 1.2534543754618266 0.8380694537507509 0.06054044020804455 0.5210181731803976 0.4039849145688016
55 495 0.17106274542061178 0 0 1.0904779810769958 1.140831624133908 1.180456671774658 0.7883488800985008 0.05615502732300556 0.48720200014499143 0.38009129524582597
56 504 0.16332438106761368 0 0 1.0167322825037393 1.0961127812974119 1.1401807189348272 0.7533653428371898 0.05081765664384765 0.4602043831746924 0.3500162489182983
57 513 0.16656585518859307 0 0 1.018509664926544 1.1424315146748714 1.1870782300712406 0.732331749891156 0.04869567118787572 0.4596224734928022 0.3536148866923148
58 522 0.16604923334729188 0 0 1.0245209488701643 1.1681244997217044 1.1643619052713021 0.663709229024121 0.04789492441323287 0.4571522396406614 0.34661385629206204
59 531 0.16976344002417582 0 0 1.0147394045132372 1.1916897737402319 1.1769862268021383 0.669782038639632 0.046604399586398976 0.49032702828514646 0.3494360505219696
60 540 0.17793578055708262 0 0 1.034520402002589 1.2595956070636618 1.20894441180928 0.691924169789297 0.04971323189699415 0.5745767111214366 0.37554469417397074
61 549 0.16483746621713657 0 0 0.9457891540892037 1.1821448791697375 1.1015149161813125 0.6005051938980399 0.043441955268815516 0.5427483643908801 0.35071512330313953
62 558 0.18378619187452022 0 0 1.0773388750558328 1.3064323908813975 1.3057815884760673 0.6463072090206186 0.046598455157232606 0.6675130049671654 0.39391180448480767
63 567 0.18507399049156648 0 0 1.0861751447575323 1.3284029155913215 1.3214874203101885 0.6509802814476167 0.04583841902498543 0.6501151485971285 0.3858009241774981
64 576 0.16823879328749783 0 0 0.947989693692879 1.1645241701175322 1.196562025805431 0.5667877686538149 0.039263880996565886 0.6064970920805314 0.3498472867740672
65 585 0.17369597640748577 0 0 1.0573193481907912 1.1871513865770587 1.2394351901278877 0.5791867934315952 0.038749015526502784 0.6359006230704066 0.3565491571005324
66 594 0.17070746658777688 0 0 0.9994167054802592 1.1507098281100023 1.2236380087758176 0.5890329648789512 0.03807746187808199 0.6118945367676479 0.3329589308037362
67 603 0.16499167619727373 0 0 0.9861519502660674 1.0846264147545486 1.1981117761071949 0.5184207545032065 0.03676366525580074 0.5666551335802268 0.31935768698812134
68 612 0.15908497961891976 0 0 0.9578436857248827 1.0250993210637878 1.177749873691131 0.5136477857210997 0.03541515004641463 0.5171645000337037 0.29850126850741543
69 621 0.1468297833185647 0 0 0.8466808949438318 0.9629901823201497 1.1457129652957887 0.45176524862020245 0.031020748288980524 0.4740064751693138 0.2755976048719307
70 630 0.1421067404075636 0 0 0.8109851382263636 0.9340167642368503 1.049785225278741 0.44277980456001764 0.03081367809886621 0.4424150178674676 0.26046557040824875
71 639 0.13927633822165278 0 0 0.7663222815572138 0.9168076495802557 1.0298722590821432 0.4327174854709871 0.028940533163379047 0.42120631881079057 0.26005039500780763
72 648 0.14005093533140706 0 0 0.7611691729810236 0.9357370936010064 1.0495547430466277 0.43763861587084085 0.029616854538384963 0.40020331546222876 0.26782759751035795
73 657 0.14468444236754477 0 0 0.7732154299711032 0.9762408734405712 1.1076422675915674 0.45554749156323915 0.02843977303234487 0.4126320436558057 0.2839214662074378
74 666 0.12967145583463627 0 0 0.651360257978656 0.8810610963376472 1.0812912177819558 0.4015638201752105 0.025552553459458203 0.34985682833940485 0.25067279901361206
75 675 0.1329627554202674 0 0 0.6576113047346502 0.8998254629351301 1.083521805974824 0.40315373003431265 0.024023457151624475 0.34597982274015493 0.2571668801884304
76 684 0.13680452986584427 0 0 0.6712894752454547 0.9512391815696511 1.1718363496197597 0.40918519294596206 0.024203947513363397 0.3439742874037611 0.25613578930093445
77 693 0.14592657674994022 0 0 0.7203845522851722 1.0118880974731044 1.29194742136242 0.43122891562373517 0.0252300358824596 0.3472355923563399 0.2681042978666972
78 702 0.1463542576805218 0 0 0.7346773872719354 0.9977231743509016 1.2899795042741757 0.4272311562074221 0.02481229479705302 0.3413251749176919 0.2572994908295716
79 711 0.1454464908226584 0 0 0.7346484884248539 1.015928841330082 1.2904549159162433 0.43005598834317177 0.02454340866958499 0.30476647062379664 0.24329359914195353
80 720 0.14669237200364477 0 0 0.6987325748138734 1.0277565479239905 1.2959533614447525 0.415857842773095 0.024569442347776256 0.2997881005811702 0.24884676334061545
81 729 0.1354153545077452 0 0 0.6129039120798231 0.9585030391227123 1.1229413931984558 0.3796951329281695 0.02332390554239087 0.27022636576855424 0.22873809174821622
82 738 0.12708096567119162 0 0 0.5949323628160872 0.9065514364609704 1.087791836688434 0.3451426169554269 0.021401595990774316 0.25313496684010883 0.21759834090169022
83 747 0.11671242330148429 0 0 0.5373012116523923 0.8234560844755131 1.011663771193043 0.31272141035065343 0.01926565037991937 0.22948027150369366 0.1959423020799893
84 756 0.11267716431889835 0 0 0.5242083408267207 0.8057441615982259 0.9834256747003459 0.3019371641195898 0.018188616934076453 0.200500786471614 0.19589177517246154
85 765 0.10675544093785305 0 0 0.4631820163895585 0.7808926955336161 0.9242379995892573 0.28330025116124424 0.01749943007950658 0.18650522772949224 0.1877398533515391
86 774 0.0945835831409698 0 0 0.38857843464997305 0.7058507536695393 0.8381224493021131 0.2381875371311478 0.015420636782180329 0.16113808682583353 0.17301474198230152
87 783 0.08892989861000976 0 0 0.3733051018112811 0.6727086938320558 0.7762890093332746 0.2219826007800204 0.014213081589147056 0.141839625571861 0.15680207911691363
88 792 0.08094243789564802 0 0 0.33328593570065157 0.6281917619956894 0.6674134608254392 0.19632988264121765 0.013443144376057736 0.1325653968140532 0.14242510216128443
89 801 0.09102719627046926 0 0 0.3928675667863849 0.7023060414942358 0.7909433366295997 0.23271749490352628 0.014537492364021454 0.15318736356580168 0.16002348671993114
90 810 0.08853924610338236 0 0 0.36936365583790065 0.6726980566629092 0.7759474620796762 0.22699237900619185 0.013315500952913117 0.14592652456694666 0.15694182800675227
91 819 0.08219299089241394 0 0 0.34350555229106566 0.6186599869191157 0.6668076057875815 0.21227902725813172 0.01228883578834442 0.13448222562521275 0.14755484145667677
92 828 0.0778631950334551 0 0 0.3204431071154358 0.5949310052975161 0.6270627434132292 0.19764468757018047 0.011473894930000932 0.12137021061657935 0.14059185630325843
93 837 0.06715870641526886 0 0 0.2705116680798856 0.5039963411436135 0.5430614557285821 0.16096616797444074 0.009540426984249898 0.0992773626984348 0.12137036973355483
94 846 0.06381852640232737 0 0 0.2627238031244833 0.4855427915918411 0.5245962652165511 0.15356334382436007 0.008944730149162644 0.09561753001937705 0.11633415663632445
95 855 0.06118614042375372 0 0 0.2561049843105628 0.48511660984377425 0.4975204311525131 0.1399955797189063 0.00856800799488466 0.09423373848166253 0.11334845893202253
96 864 0.0633181621776761 0 0 0.2658209576222252 0.5406874698843636 0.5201728668867956 0.14156106419863537 0.008962968127526085 0.10627566756178261 0.12029668118860828
97 873 0.0670823675607663 0 0 0.2963839043009081 0.6004936505119378 0.585562965175343 0.14946281214957655 0.010068452898399246 0.12021463315677404 0.1290015801371464
98 882 0.06666036814286003 0 0 0.29039019006676425 0.5799497139288017 0.5806817500776972 0.14372569414815645 0.009820983718058202 0.11951591013574207 0.12519294200816414
99 891 0.06364956858018564 0 0 0.270948578077932 0.5836679256020184 0.5674854396403957 0.13395619003670656 0.008851797897733452 0.11871798544630412 0.12545029831865498
100 900 0.06459191060715694 0 0 0.2652782741903819 0.632319912794657 0.5737696949881884 0.13451833101131822 0.008829352049593057 0.12733491487252643 0.13645734103449572
101 909 0.061560333028331055 0 0 0.2576012735736236 0.5914644788305605 0.5361158633636016 0.1261031881178032 0.00814782512986864 0.12118910300539128 0.12618313556668712
102 918 0.062409235412745026 0 0 0.2589008153425522 0.6097022238997104 0.5394679796394163 0.12056571994302119 0.008085249320225755 0.12789324927519524 0.13373183600864533
103 927 0.06674115688306934 0 0 0.2827073624119852 0.663228999194379 0.5702705783643938 0.12837048498131343 0.008656313582037082 0.14741538506655202 0.14176481927082762
104 936 0.0647195500643179 0 0 0.27077470399512377 0.6172963752813403 0.551216633090849 0.12287925752039477 0.008265689821394414 0.1395429639117256 0.1344669962447221
105 945 0.058936631027171935 0 0 0.23745614565523762 0.5598516507424921 0.5038660056096358 0.10907502527879367 0.007516448376797105 0.12428597865837769 0.12671916484951226
106 954 0.05552116065241539 0 0 0.2205212196957069 0.4967796116982845 0.4669552248552761 0.10130574563064358 0.007131167644004965 0.11101290443643205 0.11788194305602617
107 963 0.05138242842564037 0 0 0.199533899035959 0.44960042783536536 0.42808015299868446 0.090530153119801 0.006518639508722244 0.10145380680830388 0.10612462358192602
108 972 0.05241997841030821 0 0 0.1988791412091273 0.4276951127002359 0.4215379596424472 0.0904582321992515 0.006947493446949686 0.10020043334284143 0.10251305953594463
109 981 0.04735006851564991 0 0 0.1782154329480507 0.37093441222664214 0.39042065760895456 0.07819369464670262 0.00616876005115713 0.08923003068669244 0.08561910350215969
110 990 0.04177911227787365 0 0 0.1538480510203657 0.30604244237558115 0.3328671823357601 0.0664248940189765 0.005470849553909075 0.07455093862230265 0.0734386817610157
111 999 0.04212486433870698 0 0 0.15520495168024712 0.29219381563755475 0.33410932105885366 0.06762392629761274 0.0055953653998614145 0.07151486581830661 0.07302454233683008
112 1008 0.04069168069608076 0 0 0.14742376291836798 0.26974207869375255 0.31564279820998964 0.06420025062066576 0.005458369060175622 0.06694158458344673 0.07061946844303853
113 1017 0.03683020897536474 0 0 0.13159520325191948 0.2329752739389606 0.27209604925072256 0.055861179656653694 0.004953270465187297 0.05795203726469386 0.0642904449127555
114 1026 0.03368203992179252 0 0 0.12052511013832834 0.20453163440578714 0.24465205000630966 0.05122803745205149 0.004540738144860589 0.050105536565110215 0.05812249837126073
115 1035 0.03253617293159834 0 0 0.11463166459984295 0.19454796217585685 0.22313704524808223 0.04978415429839791 0.0041809195596381275 0.046265411918727566 0.05591576014111564
116 1044 0.031099765071175865 0 0 0.1050415406198498 0.18044351310169035 0.2181986341124643 0.046233189726916056 0.0039881804050436774 0.04282523454529308 0.05242693412515373
117 1053 0.03189977777349726 0 0 0.10499602475649057 0.18143610004570743 0.22882786606685437 0.0457416501936707 0.0039631662993104885 0.04233847238346487 0.05441451206838217
118 1062 0.032136628155364846 0 0 0.10527287251342872 0.18121821164640928 0.22876677395699563 0.044628594077227204 0.003973866954002011 0.041743114895126825 0.05475963668390203
119 1071 0.032426021683910754 0 0 0.10290184108859798 0.18381326263941616 0.23503255337289802 0.04388273236770514 0.003986478735835335 0.04250061452322457 0.05350511357831932
120 1080 0.034332270187636245 0 0 0.10672830695183087 0.18876705422554674 0.25191140950499835 0.0459180434521584 0.0042450934496301536 0.04473790076539797 0.05657127840383395
121 1089 0.03223990356216689 0 0 0.09635512146435234 0.17148754471623032 0.24209574204143694 0.04245484940201414 0.003982462892144765 0.04089182983506068 0.0521054461061056
122 1098 0.028339412912362284 0 0 0.08358836178568985 0.13925457633947233 0.2097738021833825 0.036608956015985246 0.0035582815966319504 0.03407889777650251 0.042285523976855886
123 1107 0.028686312224098218 0 0 0.08377873426927297 0.14515482097687532 0.20912210222465263 0.037538872615792 0.003698789006711368 0.03420880461097643 0.04225839436865059
124 1116 0.024594484873642634 0 0 0.07010043831808509 0.12202305323529776 0.17826969981246182 0.03181426769174804 0.003280933600603628 0.027981854856279433 0.0343955423779622
125 1125 0.02264156344452624 0 0 0.06288341487225053 0.10968770185916042 0.16230734427412727 0.0290098541392814 0.0030766235069187254 0.02438643876423841 0.032085854366801926
126 1134 0.02194270110613069 0 0 0.06164968386365933 0.10073517492036727 0.15130847898701993 0.02778128106176304 0.0029255235564778132 0.023068129407502788 0.030693680297323413
127 1143 0.024458664806479142 0 0 0.0693701616239195 0.11228748385452939 0.16910804448312536 0.03153230350913477 0.0032346072066126983 0.025178378087230474 0.03602431264193553
128 1152 0.026273816623827308 0 0 0.07317865044926614 0.1167343609175625 0.18324064014212205 0.03447907397202019 0.003411956828996212 0.025584178915447935 0.038347237637260084
129 1161 0.029211225596273423 0 0 0.08234690244343826 0.13037163894904566 0.21194961453403965 0.04049215023982214 0.0037322431571902193 0.02632902539779682 0.04551362607166508
130 1170 0.027851831451224544 0 0 0.07986542127463263 0.11968798844976697 0.21559700765186343 0.038868918141905975 0.003586277956313909 0.024047276393274433 0.042089500785665916
131 1179 0.025839430463371334 0 0 0.07668842116770233 0.10792489256064376 0.20163779241194218 0.03555909143850299 0.0032839173561148966 0.0214001064639207 0.03781428896602456
132 1188 0.027265507837285707 0 0 0.08557709257607879 0.11752123881574329 0.22864357437804553 0.03768734692751844 0.0034531699000533932 0.022097775855753257 0.03963997426254038
133 1197 0.026799693775550866 0 0 0.08030457449101414 0.10953776675032731 0.22497536598561124 0.03592134654254642 0.0033513560375909566 0.021970495091128955 0.037819686091387465
134 1206 0.022986587159086417 0 0 0.06587851729976209 0.09153505446472772 0.18645508993712318 0.029607967218089483 0.0028726301559875525 0.0179007193235243 0.031206802343725915
135 1215 0.020209911453473662 0 0 0.05619910569145082 0.07805075021597475 0.1639638483946119 0.02598776972521406 0.0024818407556901406 0.0150929853115963 0.027323819820738594
136 1224 0.0191362744587882 0 0 0.052645597110646994 0.0728208273209785 0.15265813863648828 0.024770367461406432 0.0023092423610917 0.013415178291483969 0.02516609737965173
137 1233 0.019198853254757963 0 0 0.05367483228075074 0.07147347239125351 0.15411508407849858 0.0258724947913515 0.002288176971874013 0.013034241681252974 0.02465863388235449
138 1242 0.018498635732708924 0 0 0.04984359247965372 0.06730239691614624 0.14841028605098477 0.025944620246712236 0.0020685544794801377 0.012504871875142458 0.023131557034947858
139 1251 0.017725615334187213 0 0 0.046631868475068936 0.0643383158419551 0.13949583705245594 0.02591420866555887 0.0018815986012836899 0.011658282211510936 0.02188838698817261
140 1260 0.017327942591366954 0 0 0.04529671435684737 0.061885212354435615 0.1369730318295015 0.025465425560372137 0.0017619291034151182 0.010854573631611934 0.021917653656969495
141 1269 0.016762383662347596 0 0 0.04408322951621553 0.059899850591010696 0.13182190198855281 0.02555845025072054 0.0017400896537886007 0.010062429018893277 0.020955073171360326
142 1278 0.014713798695592528 0 0 0.037893833672603926 0.04998863091452761 0.11760036538777051 0.02194411989359862 0.0015105205733257378 0.00874011637407147 0.01771372658648313
143 1287 0.013486124777076648 0 0 0.03450494432601694 0.045528660751441394 0.1065039059291769 0.019585200606899285 0.0014051919834396965 0.007935952273581523 0.016108496407033754
144 1296 0.012953199195446635 0 0 0.03161227374984118 0.04326253325871684 0.10032752271452418 0.019743673781663366 0.0012791044107838328 0.007823316024640916 0.01554977619774154
145 1305 0.013047580648688271 0 0 0.03233517456792625 0.04279201265087438 0.10038499771507821 0.019786004196413718 0.0012451065675724738 0.0074778041389272475 0.015625258327546743
146 1314 0.01361120483600406 0 0 0.033205746746373915 0.043739027269275525 0.10615869483064874 0.020080985653433428 0.0012307309644034872 0.00778737492146355 0.01738033794702583
147 1323 0.01593959593131258 0 0 0.04073826452203566 0.05360015618233391 0.12135381521297693 0.02360782671360856 0.0015484380319895398 0.00923211124572519 0.02215290928520916
148 1332 0.017695191850113482 0 0 0.045075177290023596 0.05857697900143296 0.1304335960769229 0.02822099148062166 0.0017025468758045327 0.010381439873407746 0.024676690003840086
149 1341 0.019719823892390353 0 0 0.049976022821072566 0.06569846425774138 0.14734615545012014 0.03172866492202181 0.0020603941523474525 0.011422562670685633 0.026322136814869855
150 1350 0.021775987073209487 0 0 0.05365418837870065 0.06834637425091326 0.16605508899578297 0.034751089073883634 0.0024234794579668217 0.012578286033309828 0.028187736229151168
150 1350 0.021775987073209487 0 0 0.05365418837870065 0.06834637425091326 0.16605508899578297 0.034751089073883634 0.0024234794579668217 0.012578286033309828 0.028187736229151168
