% # columns="iteration, evaluation, void, void, void, xmean", seed=780893, Sun Jun 28 20:34:33 2026, <python>{}</python> # scaling_of_variables: 1, typical_x: 0
1 9 0 0 0 71.00315757406163 33.64268228591995 32.8811113820382 10.683282182657994 3.3626690923155222 2.386718240566027 2.8806963128347767
2 18 0 0 0 78.00344043009494 37.10047857778021 32.51023401752748 13.944857133129636 3.0123141324573868 1.8365955993376941 1.2225391353406718
3 27 0 0 0 71.39437429676066 42.952543439428496 28.420121095076716 16.131503229330363 2.8052004066128298 -1.0799890140595234 -1.315289626730984
4 36 0 0 0 62.70504517634003 36.37965835757814 28.20823860792349 11.696134514678198 0.3730886304322721 0.07486279365025615 -1.2643104093804465
5 45 0 0 0 68.71332608881892 31.957025305206955 32.300174047094835 7.010891199353762 -0.5194053471443153 1.2375510508738183 -2.4134556437547467
6 54 0 0 0 80.28597463537662 34.781820253964334 24.19923860345659 6.817685361872304 -0.6851082482383603 1.0024203143423482 -1.6564067600929566
7 63 0 0 0 64.0729534772434 32.877180828568925 27.04969022020771 8.964174021501655 -0.30418021294253994 0.9141755620731523 -1.9400482016137564
8 72 0 0 0 55.04436979903121 27.924203698509906 19.41401448343787 8.468525318552105 1.0102839693171481 -0.834333720608275 -4.800801523247813
9 81 0 0 0 63.669215837104986 28.8137220595585 20.602315030781575 7.539916444517598 1.6867143122663346 -2.6048593004925773 -2.6934025130836723
10 90 0 0 0 59.220203544665516 37.50083996786077 18.681169056629514 6.7922088874433895 0.7321718289390513 -3.130298609443687 -3.012873604868791
11 99 0 0 0 57.8197174921014 31.23795199806451 18.95273501826846 3.5205465749739835 0.6845256798077316 -1.9953159665667637 -3.074291178760593
12 108 0 0 0 53.2527573248265 29.735860173274897 23.213939539845544 3.565626738548533 1.3504162352168163 -3.0866816570084863 -2.96496982491111
13 117 0 0 0 54.63622507342325 29.429272537429224 26.416112193961897 -0.39205862877027253 1.3111476051947764 -2.3750673336009465 -2.29609758552015
14 126 0 0 0 55.987295919208336 33.35007253529946 25.283950213039216 -1.6859872666250308 1.3056113376808638 -2.5967283803810868 -1.9932481259708925
15 135 0 0 0 57.38947274023599 35.768111760830216 30.245073975766314 1.4895068099054107 1.094923114374433 -1.5368238868980542 -2.0606103129506823
16 144 0 0 0 60.18406430645424 40.33381235193891 29.868113475738802 3.724624312554016 0.5978098251271841 -0.6095966340282918 -1.884487396638604
17 153 0 0 0 55.426674649269415 40.45949130212144 24.1109253455372 7.855686239655642 1.0970179547448546 -0.7231555132650073 -2.7246585298465877
18 162 0 0 0 56.83630852661471 38.204227753420206 19.307225779931027 6.013838606836767 1.111140280916299 -0.09019293793197733 -1.817962341828916
19 171 0 0 0 50.63351946056956 34.564527307515185 22.19327482333161 5.70978758702926 0.7639095442204635 -1.6849423936135932 -2.9403963196890133
20 180 0 0 0 46.63706504294587 32.62196902054897 21.415148673142657 4.2889211107459335 0.7632846541683562 -0.06932992723187223 -3.2927081241978313
21 189 0 0 0 48.532283231053185 30.408946733470312 19.761689255660187 6.733122429334341 0.8420955136507728 -0.19683024338391786 -2.6068600303299063
22 198 0 0 0 50.61915415820177 29.390980616922022 17.38973627124175 3.8965908696196006 0.9905113755725123 0.35813393904823715 -2.638520683322046
23 207 0 0 0 50.326045402322364 31.135438557132694 19.316662141677234 3.935286051569137 0.7427873560735538 0.9701955175041728 -3.0218813271602265
24 216 0 0 0 46.46176472754838 28.997443066296277 16.236510284877756 4.539949023020907 0.9454843589034685 -0.44706570975416005 -3.7498545585705343
25 225 0 0 0 46.64254171045874 25.210806513522538 19.236658407842036 3.35684779891873 0.9847686197058741 -0.08882867983847399 -4.035017309562886
26 234 0 0 0 50.91088145163531 27.702532329780688 20.27268503240851 7.5409233467959265 0.8383992689396843 -0.23591822028023013 -3.8266580055372676
27 243 0 0 0 53.31059473665098 26.21722769468531 17.852549784220656 6.23191826277962 1.1413663829532295 0.022561844832314704 -3.911938072217287
28 252 0 0 0 52.0653735008922 25.494445061173415 15.491738177498016 6.781363544918867 1.0715550324170189 -0.5762585381581441 -4.338894649742347
29 261 0 0 0 49.04919610091298 25.404008020879175 16.148997130080954 8.377838782427842 1.1112887958895132 -1.7180909261095303 -4.867379458065549
30 270 0 0 0 46.24812569568524 27.31831548633182 12.286418783861818 9.735190375771138 0.9806886490388966 -1.482768546012857 -4.832052193907053
31 279 0 0 0 45.16799254102326 26.603062681960765 12.014538653059008 9.378726355305893 0.8861140637222877 -1.2664781036477923 -4.926021167242131
32 288 0 0 0 47.70310562049495 24.252204640371325 16.57060843838733 5.806068621376177 0.8534046783284623 -1.206080732437448 -4.502841806029688
33 297 0 0 0 46.347397744116456 20.617542205300047 13.717775901013587 6.461390292600425 0.8901724777101966 -2.0791429308433984 -5.664756023989989
34 306 0 0 0 46.25175807670616 23.449802035625268 15.919468141441167 6.642533642576897 0.7299398095829753 -1.7460849784106915 -4.699466601941396
35 315 0 0 0 45.47589643639287 23.489559095704436 17.849947074518656 6.508225470877465 0.802591246284295 -2.4004378965352418 -4.924205351317904
36 324 0 0 0 43.358773325969125 24.83475796230077 17.142434462468746 6.801704173050647 0.6706767304286231 -3.181950415575004 -5.3221384859225225
37 333 0 0 0 43.745854933249035 23.0044841545288 18.00246211033535 7.27477029463169 0.7972492847405519 -3.4665415231667516 -6.124476128345245
38 342 0 0 0 41.45339653734694 23.555669656063923 16.613710850632835 9.16806372098379 0.8976679644988118 -4.127150088860883 -6.556953280279738
39 351 0 0 0 40.80332447181407 24.308787934897406 18.352560165587807 11.007639303419323 1.0214569584384061 -2.7541900697284705 -6.0663651880828695
40 360 0 0 0 39.892496966099166 25.18618573249969 16.42009892016472 11.290653638739608 1.0436927321384817 -3.227763329050673 -5.999516336800783
41 369 0 0 0 39.131816844447954 22.63646296072649 16.500500318479748 11.827695647067355 1.0344819858078018 -3.5182481627127693 -6.097093727090863
42 378 0 0 0 40.958907233437635 22.264462850982362 15.374604403198322 11.165024099119293 1.070574326757206 -3.271242005434436 -6.31464109136848
43 387 0 0 0 41.861526115440384 21.788043381133267 14.722225154244747 10.386961856877123 1.0705725977575422 -3.462168633553046 -6.084437067103449
44 396 0 0 0 40.79978798531717 22.13715997616715 14.319159557363312 10.200105484074554 1.1087625429735193 -3.2722415132651244 -6.472773086763273
45 405 0 0 0 41.43006579670175 22.040252581517755 15.01820349700991 10.568565856770194 1.0958908269554577 -3.2421163608714094 -6.506885100450742
46 414 0 0 0 41.17774015856686 22.56432121949403 13.44695796617825 11.352001407402943 1.0370416166361078 -2.525283368890972 -6.1536723685366335
47 423 0 0 0 40.90370809812963 22.72991305559293 13.62166725204221 11.855825691618964 1.0288581657906835 -2.2187697439010705 -6.093308464688213
48 432 0 0 0 41.12439610260589 24.191617917996574 12.577435069942243 13.037496532813769 0.9512297320656938 -1.3773550066830809 -5.646526977507138
49 441 0 0 0 41.63553794759268 23.033563033795208 13.880345174698684 11.859532176000496 0.9629249212864321 -1.3977575386030499 -5.973106780402812
50 450 0 0 0 40.33788120764059 21.698125297599532 13.287574952627944 12.362331548152854 0.9764580809481849 -1.798877843714819 -6.393549187467983
51 459 0 0 0 41.09685618193934 21.204887840718325 12.68015456698351 11.679984746327392 0.9852349178720209 -1.6732198342163291 -6.207585498346377
52 468 0 0 0 39.953635321116515 21.3284717782194 12.407208042603571 12.46686665752752 0.9908833634163374 -2.098433589347207 -6.445375702911117
53 477 0 0 0 40.20803502135135 22.558454684670902 13.229723304589657 13.11937760740843 0.9240021768682036 -1.8900694832697809 -6.048136373235505
54 486 0 0 0 39.47331806490903 22.332465889473024 12.356025314012658 13.525061990587375 0.9331191905219388 -1.6529799342154878 -6.274492270721722
55 495 0 0 0 39.37872701717763 21.08871912673743 12.689481138772784 13.399297879113963 0.9711245681853995 -2.009785200887513 -6.608469425695611
56 504 0 0 0 40.26604926766103 20.65010955695894 12.850230679756388 13.085504659783213 0.9794268103475965 -2.1535870187979693 -6.476560440446278
57 513 0 0 0 40.4994126623519 20.087404506722088 13.536692301562628 13.350591934171822 0.9531871945974636 -1.996906269317776 -6.535271379414152
58 522 0 0 0 40.620361775544836 19.62278241254568 13.105227026104291 13.390901372030042 0.952884554471984 -1.9504633638000966 -6.459695144718883
59 531 0 0 0 41.54882784878038 19.592234860283373 12.607537475562815 12.983445682243152 0.9732196610607403 -1.3984731999147588 -6.249468104445698
60 540 0 0 0 41.683220492689856 20.19609308496589 12.509775601284339 13.124630376152707 0.9124369037211199 -0.8480822465213882 -6.0491016040431544
61 549 0 0 0 40.91915016857766 20.636529037284713 12.512007397071576 13.132038698397988 0.942707909083944 -0.9507108514812919 -6.0606775186673225
62 558 0 0 0 41.19029997493822 20.244220311493553 10.980360833969977 13.268471111705022 0.9174469421478848 -0.19783616240544316 -5.9602574895511715
63 567 0 0 0 40.14579184879075 20.917846425151986 10.74964432389138 13.582934659819863 0.9247598777646108 -0.41381647647634767 -6.11315176542555
64 576 0 0 0 41.19419482358315 20.841087079948313 11.391623776528087 13.227830671457687 0.9395542584751642 -0.16210377524973255 -5.898588929293906
65 585 0 0 0 42.476387216108826 19.647432112170154 10.576730077005875 12.964322583749045 0.9460623189778515 0.11265352035266606 -5.860571307352646
66 594 0 0 0 41.84031178443905 19.99667625791379 10.699662346790877 12.533830946904251 0.9614924257536773 -0.15245183027209405 -6.091614536390314
67 603 0 0 0 42.89742738311357 20.467058640816884 11.72349822234706 12.90952316062836 0.9514186112153218 -0.07972466619136216 -5.8633757672109965
68 612 0 0 0 42.02746412916305 20.062054593633782 12.270561476970627 12.458245093556082 0.9324057973524489 -0.2833543893251429 -6.052643499225094
69 621 0 0 0 42.09302917018772 19.802153295388738 10.409453741674588 12.79200635821491 0.9447676958400253 0.024348137946029413 -6.131054383531611
70 630 0 0 0 42.08948907503866 20.028710741273173 10.3046561998598 12.716969803033352 0.9751414919711865 0.08104112753020605 -6.139205904824741
71 639 0 0 0 41.85448103090697 19.789737937387255 10.981924288498302 12.934774920882747 0.9731518967858808 0.019560123202766143 -6.332838949019303
72 648 0 0 0 41.604924096539534 20.97531818254319 12.0839413712859 13.245356742432364 0.9392032957040164 0.24347018927336664 -5.998323798743765
73 657 0 0 0 41.71438612628897 20.675852468740626 12.917917979090866 13.078382457143999 0.966072766120351 0.020532172399690928 -5.867159043064982
74 666 0 0 0 41.67802491404856 20.064671243980822 10.948200237816971 13.184211699249595 0.954714423255733 0.10943441380631318 -6.05716755212475
75 675 0 0 0 41.58539668337642 19.532320554200265 11.032934053858607 13.428354915468637 0.9479968593905898 0.11655770200055801 -6.017033656300084
76 684 0 0 0 42.054069680083366 18.932156248897794 10.310769316568813 13.286998078268972 0.9643738315323777 0.022913551950101606 -6.039022066076487
77 693 0 0 0 41.72975546053874 19.015042926144435 9.546599763499804 13.246685583940211 0.9636628869972597 -0.18772001351888337 -6.034540878190401
78 702 0 0 0 41.35731275261575 19.191079942228495 9.624556020892294 13.004093662828872 0.9751086444798212 0.017317920112209763 -5.940482531909412
79 711 0 0 0 41.0629005989435 19.837496070362974 10.874846735041455 12.825465820449176 0.9700798947857292 0.0697364330391283 -5.818287568812201
80 720 0 0 0 41.05021271885058 20.10407739327929 11.199511917631867 12.646121542894525 0.9704422849316543 0.21597835887546057 -5.698399683184373
81 729 0 0 0 41.37380436772994 20.52249837695921 11.26904700368339 12.791144491532071 0.9511928011517912 0.25986918668036446 -5.801348057386285
82 738 0 0 0 41.881056762892854 20.295386835016842 11.875761831073035 13.04525579550064 0.9522078017641755 0.12912201496474265 -5.769457642956525
83 747 0 0 0 41.85037018028115 20.59198265866901 11.09072832039597 13.25525430878525 0.9581137711814602 0.1890725564810191 -5.7012175651109285
84 756 0 0 0 41.494813613415545 20.911690034233597 10.60957148592127 12.927027897557734 0.9579722800986195 0.29419871599184566 -5.606892041865637
85 765 0 0 0 41.504618113584684 21.06248781407443 10.557017644094971 12.90873920296982 0.9529620678841244 0.37904233075779864 -5.51262807068348
86 774 0 0 0 41.60578674632866 20.26314701036838 10.13006234733026 12.97849262676068 0.9483355159458167 0.2886602936400342 -5.704646469335791
87 783 0 0 0 41.83083387163161 20.33771424825973 10.620558857278926 12.875541445365332 0.9441041276653561 0.3072301165488598 -5.7656760425153095
88 792 0 0 0 41.92077417400857 19.98439980575475 10.309538707415655 12.8908578671509 0.9617468868487151 0.15687896804274448 -5.764471643118895
89 801 0 0 0 41.54678147916453 20.090157868453005 11.1966933170083 13.2575786584462 0.9596932490893451 0.32350582170066955 -5.80256835559151
90 810 0 0 0 41.61374708315541 20.02796559615816 10.44131557067627 13.317952369797965 0.9588620353742365 0.29112704948569357 -5.854892498594893
91 819 0 0 0 41.818464560753874 19.617220838766325 10.254242732841302 13.276451966068189 0.9590750096331606 0.20821999438435146 -5.9508240551847855
92 828 0 0 0 42.01013068586926 19.26970882379891 10.446659346087054 13.118117543906088 0.9601936037050233 0.10464898566391628 -6.029332073375111
93 837 0 0 0 41.955444994061175 19.715764665750008 10.750885662744242 13.170433251647232 0.9596327488320082 0.20666502525447558 -5.932724462913746
94 846 0 0 0 41.65574762851016 20.182461020783894 11.221405450371554 13.226486414700247 0.957050649310506 0.2992966889602892 -5.849763887649269
95 855 0 0 0 41.54301877266055 20.46837120343252 11.042238919143301 13.185567092882229 0.9507525722482982 0.34839001141527665 -5.808306351665234
96 864 0 0 0 41.44731090665242 20.95063613864781 11.25886383250321 13.226664516165359 0.9486155075511713 0.46281920624404704 -5.738008730894399
97 873 0 0 0 41.2351816110619 21.25721243780094 11.81517344064069 13.262896164838354 0.9395821999365244 0.5107890200418103 -5.708519582396188
98 882 0 0 0 41.20669562015339 21.251257547489907 11.790808013794807 13.279673567813571 0.9354096523964566 0.48651003635312046 -5.784451353642908
99 891 0 0 0 41.32180597425114 21.52765484856206 12.136717196906563 13.292839519450622 0.9412501436638089 0.5583182467970953 -5.694412062051103
100 900 0 0 0 41.17606766253242 22.067602416267846 12.314662293016942 13.282134088339504 0.9421902266767322 0.6751993901444459 -5.565478211892226
101 909 0 0 0 41.005096616016374 22.2091493464083 12.26509386100528 13.326551191089509 0.9435659441883081 0.6875408813242293 -5.559026513746202
102 918 0 0 0 41.02644324450143 22.586253682253563 12.158716110412545 13.403028097307432 0.9423483147889263 0.8041240110787011 -5.488159031527882
103 927 0 0 0 40.8617999406522 22.98799566759607 12.60955080966623 13.42157344661957 0.9419827687414866 0.9142653882261427 -5.470574348403786
104 936 0 0 0 40.834698329053346 22.6031487944414 12.789646328228619 13.433124798596308 0.9402065340840617 0.8759955917911366 -5.511645410366404
105 945 0 0 0 40.967695234267794 22.813572492705394 12.809055136603188 13.32895390583772 0.9418917103771742 0.8759480310198196 -5.418903963030118
106 954 0 0 0 41.113300464824384 22.866898311358508 12.743223777470963 13.318882392512597 0.9466510048630014 0.8861974722713514 -5.365087344331045
107 963 0 0 0 41.022514980247706 22.78029082748626 12.772169630204472 13.291964229236 0.947590145230015 0.886286103928989 -5.408025297767499
108 972 0 0 0 41.007976261311235 22.754872795789947 12.749449894051695 13.380003481321141 0.9525152031129293 0.931316444139137 -5.387298629529203
109 981 0 0 0 40.94930042617135 22.781093785143522 12.736860298977767 13.354682909912261 0.9504301158677954 0.9217155916977382 -5.363153355068241
110 990 0 0 0 40.92202788596148 22.682226451507834 12.919691504452521 13.34493099258235 0.950102073470822 0.9016200503237454 -5.394902616142101
111 999 0 0 0 41.09792223565824 22.808577404114523 12.420390179557153 13.327321952855193 0.9553209076530742 0.9037850703375734 -5.353761682646655
112 1008 0 0 0 41.06904054006479 22.860926900059535 12.489303340174109 13.365452021672095 0.9567243057215871 0.9119618840942483 -5.296915242905859
113 1017 0 0 0 41.109990870449124 22.822181846743597 12.367720169103766 13.341021753365968 0.9586057306717731 0.9086919311188542 -5.320359886454125
114 1026 0 0 0 41.18254875326157 22.93688615742813 12.367537370716795 13.339158734353227 0.9591719638265704 0.9250970772748618 -5.271995240454835
115 1035 0 0 0 41.203294675069934 22.923051307803064 12.511479253847698 13.376754432641166 0.958122037025753 0.9311086204018602 -5.259297215220758
116 1044 0 0 0 41.14327398184936 22.88328313337212 12.727010434799187 13.368079737855224 0.9595499887667576 0.9222727726131259 -5.275031712085364
117 1053 0 0 0 41.11675226514627 22.86346899500321 12.893259152349778 13.37154490684838 0.9571037692056383 0.9199014572996832 -5.26393064940645
118 1062 0 0 0 41.03546106195011 22.683099854823443 12.85667304219255 13.345457901640206 0.9574844299424131 0.8863804822670622 -5.301963970211467
119 1071 0 0 0 41.0068909176786 22.794420596913387 13.00636704832587 13.341478397535681 0.9543614853832775 0.9320417062874313 -5.2840800359491436
120 1080 0 0 0 41.07419546575222 22.828158738602898 13.055336769248305 13.323175203876428 0.9530642740285787 0.948521986503275 -5.257987904079624
121 1089 0 0 0 41.051956830051175 22.867748888650954 12.839290622841018 13.322414249439172 0.954736723627481 0.9512004465096023 -5.243732812882312
122 1098 0 0 0 41.10366551067824 22.781297195786646 12.863837938612178 13.33830531876753 0.9575739825204569 0.9244485556128412 -5.246505571061863
123 1107 0 0 0 40.997136328335266 22.661323343355306 12.928107458207268 13.360198484698149 0.9597294103711772 0.9241024099758683 -5.276794263787319
124 1116 0 0 0 41.01603671212996 22.73824530071755 12.82209873308279 13.332768929086058 0.9557838462121176 0.9217434208705388 -5.27426939099316
125 1125 0 0 0 41.013529280874344 22.752451021506104 12.829489332375573 13.31881823745893 0.9542033917180138 0.9251260012422329 -5.296162912824213
126 1134 0 0 0 40.98537507360753 22.692255335892757 12.890591480158522 13.308582463590401 0.9544854496966041 0.9264438033859576 -5.313057707392269
127 1143 0 0 0 40.9765088970861 22.72073892442855 12.749377347243755 13.288979959258617 0.9542231774569497 0.9278056795477827 -5.337356200660171
128 1152 0 0 0 41.00380558059314 22.72287582408738 12.77378641486353 13.263053872507701 0.9563044030240966 0.9304264505066845 -5.315777955856092
129 1161 0 0 0 41.03268639683187 22.74161701250028 12.622201886996159 13.234840129445965 0.957386720422824 0.9244344876386372 -5.289283317307817
130 1170 0 0 0 40.974207352120665 22.670404207615285 12.998042978303726 13.258162241136754 0.9557465783646392 0.9227915987680116 -5.2914273939550105
131 1179 0 0 0 41.048170651273246 22.743027325000128 12.91472895029586 13.253814225235784 0.9574603527090141 0.933716658661333 -5.266937213734643
132 1188 0 0 0 41.12027806678334 22.84377977658555 12.586807398145266 13.25903060108983 0.9553401214988577 0.9433098046601016 -5.266065700540857
133 1197 0 0 0 41.120883443888275 22.873215548027975 12.698850097842472 13.244491237112664 0.9554329787564805 0.9591631599688649 -5.271445951241985
134 1206 0 0 0 41.10824143740999 22.846521387213834 12.695863146570893 13.258625818542532 0.9574319914114732 0.9545153778647293 -5.269244592727674
135 1215 0 0 0 41.07462233409234 22.78195989491278 12.678932651481785 13.243098316217225 0.9572782672914647 0.9452994171376419 -5.289248542690769
136 1224 0 0 0 41.0769593673159 22.776695783852634 12.695860802647967 13.225610181961546 0.9566850734167752 0.9489704872498275 -5.291056164353651
137 1233 0 0 0 41.02560331127663 22.7266698772641 12.782133148505308 13.207427414041733 0.957886269870559 0.9405553022376181 -5.2916849194675235
138 1242 0 0 0 41.05315181880313 22.759358645985344 12.691871775308947 13.191433594979204 0.9580519794826698 0.9428391407053124 -5.280073663267433
139 1251 0 0 0 41.05021225775947 22.766911791634374 12.732776897275162 13.179278453022908 0.9575075442062506 0.9449104652930741 -5.273161455548455
140 1260 0 0 0 41.060366500574084 22.77917598029812 12.73978076569849 13.167710715176936 0.9579732361441669 0.9429817131981135 -5.255578672494828
141 1269 0 0 0 41.077680939549865 22.806990276453877 12.710185029941533 13.158294016892052 0.9563117182912231 0.9465445663788592 -5.259951164544531
142 1278 0 0 0 41.07899882893612 22.801433038131233 12.622337719827492 13.17062400466024 0.9570176102952144 0.9469959736664656 -5.266513659657115
143 1287 0 0 0 41.069893536469735 22.790283386654405 12.632828709986638 13.172965892640239 0.9579327615615829 0.9411433162590265 -5.255740677092843
144 1296 0 0 0 41.07198042611984 22.778520876974753 12.652806001712856 13.198069970664003 0.9578049168405423 0.9472798296787112 -5.265136447648258
145 1305 0 0 0 41.0559450023458 22.765428474413536 12.678457857550486 13.197951033232881 0.9580231707794389 0.9523857827339091 -5.261618947810407
146 1314 0 0 0 41.06750536855014 22.7731880719949 12.748400488949818 13.197973320566714 0.9575861639850697 0.9498866015389817 -5.242874365053618
147 1323 0 0 0 41.10622610305823 22.823268536370918 12.759246982405074 13.184797322133562 0.9559510586589453 0.9437069880215163 -5.222105710354541
148 1332 0 0 0 41.11788185293274 22.848108609075442 12.734324337144301 13.154435903045808 0.9553623776779292 0.9396352009085145 -5.232837843317749
149 1341 0 0 0 41.123183485409896 22.850454268365276 12.854091134754308 13.179040740867649 0.95315516258204 0.9409945681336261 -5.239922192524393
150 1350 0 0 0 41.138423533975555 22.872685174651483 12.958936814162765 13.189801337313481 0.9519560311419191 0.9443875289091613 -5.239240250712766
150 1350 0 0 0 41.138423533975555 22.872685174651483 12.958936814162765 13.189801337313481 0.9519560311419191 0.9443875289091613 -5.239240250712766
