% # columns="iter, evals, sigma, 0, fitness, xbest" seed=780893, Sun Jun 28 20:34:33 2026, <python>{}</python>
1 9 0.9230839692320281 0 2808.2805763242113 69.2163194165884 32.13435473114758 32.16822704557231 15.487510543515043 2.153709517067311 1.9044887744897339 2.9476919788094684
2 18 0.8489179735911921 0 4072.027376098962 79.41045655267357 41.588885597474665 31.46454742128392 19.82242516151996 1.0000833900079418 2.3728471752916156 2.7986688525905614
3 27 0.935834350525028 0 3725.4473000956646 69.20167999199903 38.28092853824286 25.701723645296905 14.881927677533323 3.289351596774279 2.9338113536115484 3.4257141701020744
4 36 1.0042561128374452 0 2082.1952602256997 58.645412784580756 36.04289706005744 24.078874364633002 12.821619917282852 1.6074310833759502 2.434359914784349 3.503855308922782
5 45 1.0385353230460357 0 3090.7127398273105 71.10770080567525 31.03776611341603 24.76980243500439 5.043045167016232 2.1265554997443923 3.7122020057538427 2.863649496134701
6 54 1.0197593674502776 0 4776.96266240411 87.11933812247763 37.87262124620127 20.140441028956147 11.587380418126582 6.962978692795729 2.0793435112577434 3.42610851515139
7 63 0.9165318384214991 0 2049.752822050825 54.4722678154636 38.265332663969524 33.951303799069535 6.564099851486886 1.808232785967434 2.1057246763804733 2.7078729366952468
8 72 1.0078985472717956 0 900.982433092224 45.98866465360902 31.151682904319507 22.802566750411522 9.373363113509804 1.2137880787169602 4.515527518131713 7.669099548440717
9 81 0.9964593376309652 0 2633.6699301555036 62.900446539940134 32.111646279766916 23.422129533281872 12.548889455529372 1.8799361584400631 4.66229230985449 5.17049100124068
10 90 0.9478003698993681 0 1738.0116206193134 55.84015843758005 40.99917966242557 21.740114352766202 10.37346433551407 1.1260907491218437 6.0841802988713445 5.7062910779695875
11 99 0.8221866749270549 0 1058.9392502024248 57.103890745853654 28.65266163841015 26.340721243468654 8.483169209817463 1.0014786692989908 1.932665840620463 4.8579824126713556
12 108 0.7536955091118533 0 1381.7910418441047 58.05363053465709 32.561723201503 24.51223039145774 7.091905659416715 1.0740890849084086 3.4954918023609745 3.623021917652999
13 117 0.6994552813224818 0 1426.1705928684346 55.63275886694459 29.526087074665114 28.431713835281464 10.615475761769439 1.3270066802227876 3.3419833900182514 3.118843523049096
14 126 0.6428151476070041 0 1387.8977790932574 54.94264538591065 35.29112784766124 26.918336816955833 12.250221490107673 1.0904722672454819 4.2306726080205195 4.0337341874271475
15 135 0.6007994191311472 0 1946.7004687320748 54.42723220214203 36.35405655875154 30.174010367889387 8.34870436074311 1.6556404481176152 3.5777051495537666 4.795928575236194
16 144 0.6101223907765977 0 1742.4888995937974 57.97823496463914 45.282853860829405 30.326123938250767 7.156458351365434 1.0611198443965806 1.421168589941007 3.2703425204312024
17 153 0.6367049910064164 0 1451.0572972289528 55.956908747651994 40.09464720216849 16.946784331184915 6.699642112106893 1.1348660592197763 2.494748221735985 4.722881013589885
18 162 0.6277636753584678 0 1349.0564320671024 55.66409129908526 38.72983763984392 13.437312722490898 5.111877979927069 1.0692390997860552 1.958433983297054 4.353700287437196
19 171 0.5876953520635696 0 868.6508529237477 46.132193692641636 33.44347650538317 25.613914435457282 5.772579263555004 1.2300140225710678 5.801452129015138 6.101920224496886
20 180 0.6175547378382038 0 867.485251792454 43.98038769899505 32.99014692158919 20.35500747833145 5.000614272428165 1.1335914552731063 2.8465745042137653 6.759365932363402
21 189 0.6076578306428758 0 878.6553428892536 54.95881497776828 26.79113780975384 20.28323836551308 5.373711750113458 1.1469222643071806 2.038533674114979 4.21300413529446
22 198 0.5689288831684467 0 768.2478781538788 51.65614501554735 28.211288287252245 15.939806507871118 8.914556545553388 1.0137028536703856 1.733780721047417 5.211480985409927
23 207 0.5188505043880968 0 1122.268360225087 46.56736785299255 29.81691293852443 21.914902356519892 6.052491020598874 1.001271622440724 2.1955256013662643 4.189655991560408
24 216 0.47959678004944306 0 686.4241392444865 46.389966494358255 28.919779930237777 13.19360821654483 7.000645663835462 1.1423132384195336 2.768595085440901 5.8040999132190665
25 225 0.4600751503372919 0 743.5901286917358 49.61808954715592 25.79523176773226 20.75238853892876 6.5029819339098385 1.2542955076636328 1.4812265664381865 5.694709492065507
26 234 0.4452599154471489 0 770.3364172977372 51.574797354003806 25.633296110075236 21.580906711492297 8.207665109406625 1.0290913780005777 2.080744018481395 5.607979131414747
27 243 0.45360531595574183 0 881.9617218234185 53.59305964903102 24.561669949021876 15.726248815384771 5.819353066388642 1.297565884492728 2.0434074956844963 6.623982969609034
28 252 0.4275260319244764 0 893.7891137157568 49.019744797865926 24.715100674384463 12.275787477468135 7.590892892359053 1.0046941984613835 3.029186208957292 6.59126614188408
29 261 0.41873575550612546 0 797.9632020978478 44.443515954875764 24.47563724868626 11.809274022458185 6.9615435775611445 1.3113142622951257 4.820921377547266 7.78072672027698
30 270 0.4228062726416005 0 604.6596192360546 44.986111003566485 27.346608060004467 10.844119027278861 10.54807226366947 1.0991999625668183 2.234762019777849 5.715284935632529
31 279 0.40204394878056954 0 682.2099611106407 42.5414840040401 26.737213651427385 10.755011933629383 10.563709866619037 1.0345157743008995 3.442179961737439 7.338714318932332
32 288 0.3824927012861908 0 700.8390906243536 49.57661811548403 24.31354758702366 19.411600482438836 5.018850340717707 1.1548544469218158 2.6943593855998302 6.333804066263606
33 297 0.3892822052522446 0 678.5940430615789 44.71668493077283 19.36673964880432 11.23238105313896 5.84619574836681 1.1360140929297495 4.514847668722179 7.653367112906019
34 306 0.3570485051154934 0 624.0511543300581 47.051886000243776 23.546278356185514 15.221003977361914 5.876012748555576 1.167968021085759 2.756929071033242 5.911981240636291
35 315 0.33944046740449707 0 640.8669774331 43.588633424322204 22.424520255462987 16.232108444593592 6.951415998207504 1.143180240370249 4.855726888722773 7.556174993827802
36 324 0.35444844759000665 0 659.2634755734115 41.38303392718149 26.511742080407117 15.643055430520773 8.836264116754268 1.1875877014596892 4.319066257335194 6.641576669378176
37 333 0.354550235343559 0 659.7439778871553 44.26512339811699 22.71002662781145 16.279255728822417 8.545702147290235 1.095834205992465 6.165319322601639 7.900965388806453
38 342 0.36440451001242685 0 658.5528247417026 42.81865311438184 24.19838183904245 13.58905210638677 9.932895533618208 1.047410453483521 5.94202380819774 7.948781740728147
39 351 0.4032524284647982 0 593.3938434209564 38.866939253685175 22.571283527573893 17.034067798099375 10.825305187464968 1.0869463214784585 5.435448098981225 7.388446274342339
40 360 0.3858427171300858 0 604.1440075770197 40.536229570546375 23.987188678229998 15.111057499335077 11.608983240657286 1.0837312390659772 5.44065035631701 7.930878168279812
41 369 0.3718456976569902 0 567.9053543709813 38.87096773446253 21.226020425814202 15.583859327155228 12.105558274694348 1.0393560134062412 6.112023550284891 7.939697987249008
42 378 0.3323203492789089 0 598.0581211997198 42.491651284665316 21.33550451717151 11.757753497767556 11.33209066846448 1.0926972921379305 4.820033647814749 7.9988135482914124
43 387 0.294369010459412 0 621.0567522263672 41.15307481203099 22.504987625572713 15.294273503680637 10.507102843467027 1.0399431022571952 5.401985026483088 7.757829050363449
44 396 0.2657931783023103 0 586.8536935240962 41.345136554910574 22.404042421115847 15.229435282689733 10.092336486079528 1.1005317029241286 4.9776248314567395 7.999970597047886
45 405 0.22796825077329375 0 573.6137830139196 41.196077858535766 22.48635734285937 15.361707009714594 11.43472448713626 1.070157335475743 4.852525815722305 7.989995059414328
46 414 0.23136625912203648 0 579.5209966162661 41.93290804393538 22.547474717229356 13.32565163585683 11.169240728518819 1.0232743608777803 3.8728334921480334 7.880491386614651
47 423 0.22867648095154075 0 553.0468752003403 41.331251719556136 22.06648747788292 14.586693499602784 11.573567648810455 1.0488892404536696 4.1461998259791555 7.933402995246365
48 432 0.25878624425411373 0 536.1354357755649 40.353643929668394 24.251865265424893 12.166916775370765 13.5032373789732 1.0003871701971856 3.485294414770383 7.40608427708938
49 441 0.25951690035518066 0 540.3854651478887 42.075121726254956 22.37158429714173 14.086962782664315 11.938245318188098 1.0051276464215206 3.1106819958060754 7.856434979273125
50 450 0.2506540749186287 0 528.7007715506569 40.090791956651586 22.350998674559552 12.252019702338107 12.93944550644208 1.0064423448754003 3.796415234808268 7.944515338944266
51 459 0.2271237271856845 0 562.5528382028615 42.95535104648097 20.642563994665995 12.205072508574881 10.630158821480645 1.0524859354273837 3.746565276524115 7.999859122550817
52 468 0.2042347805950126 0 535.9950096517105 39.53485578637744 21.09801759102611 13.713433841587793 12.741350468064798 1.0075118685554538 4.468045419344609 7.9485583164505105
53 477 0.19069236944663276 0 534.3302132051193 40.166296516016665 21.742271949807904 13.935841603951195 13.551279051101098 1.007562913221111 3.984629701866591 7.930284288502793
54 486 0.17771893258807253 0 522.3781298687454 39.86804937811292 22.514916643240326 11.518354977721096 13.567260948045826 1.0011732996879938 3.3067637922366506 7.96316528611434
55 495 0.17106274542061178 0 522.624600559624 39.138215242160406 21.035636751035494 12.427936093976689 13.675266452151659 1.0004309041990775 3.6441050326413063 7.986570362036083
56 504 0.16332438106761368 0 519.745269743852 39.76043101325119 20.993877098242173 13.708582905079172 13.344970323484725 1.0017308342237135 3.866167704412702 7.968542774375388
57 513 0.16656585518859307 0 515.3525384697147 40.92222662809094 19.720157313083785 14.649886005662433 13.415197236690904 1.0000424233523721 3.9331473739706686 7.981493727406355
58 522 0.16604923334729188 0 513.2125213196266 40.737666876903745 18.959189709953545 13.380851326989797 13.420432624665297 1.000030015962506 3.9186709783120466 7.987988161683744
59 531 0.16976344002417582 0 498.30247829452344 42.009902275220995 19.167046169113743 11.527208088928884 12.917941608838063 1.0086362930363726 2.910887876911234 7.9594813412399805
60 540 0.17793578055708262 0 500.52276512480455 42.485149773810406 20.40333292288822 12.858720365394548 13.4091112966947 1.0176383542108587 2.1525515046438306 7.763441857237544
61 549 0.16483746621713657 0 497.15584706888035 40.83184262275426 19.95421419192193 12.717768103698882 12.809314491482976 1.0008842897889332 2.852258466351101 7.79951767889425
62 558 0.18378619187452022 0 461.97085488313405 42.637544347672055 20.733009452309613 10.428399824178957 13.054429587359639 1.0091882579301485 1.7074814431305643 7.539389636394019
63 567 0.18507399049156648 0 495.7598836384021 39.750047548612514 19.959709236218615 10.609361428927183 13.402600850968144 1.0000191969927368 2.7175270380454313 7.951429864860551
64 576 0.16823879328749783 0 457.3709458341642 41.952559902871286 20.337726681734093 11.887239842513699 13.16634466125623 1.0020691787379554 1.7605192906251563 7.639180147312278
65 585 0.17369597640748577 0 452.0094071100066 42.29626327996839 19.725515201697682 10.965111490222924 12.908979296434158 1.000466430027499 1.655245953829079 7.715820474799884
66 594 0.17070746658777688 0 484.10181265783115 42.50265215724348 19.91379047400887 11.34169596659841 12.175183133191904 1.0069949518509338 2.127361658512702 7.961036793337731
67 603 0.16499167619727373 0 462.27981403084686 43.147831919843895 19.236369114925118 11.876556842193198 12.942334846594607 1.0026243502477492 1.9422271023220596 7.790279622641103
68 612 0.15908497961891976 0 481.8525234047273 41.578525784096904 20.06164885585834 13.43433664963907 12.212470046289441 1.0112863273303305 2.050156300640908 7.714310191992142
69 621 0.1468297833185647 0 455.64583157525016 42.64499056934959 19.126572272970854 9.977907744711281 12.826586400295435 1.0002444115715268 1.8174775903552076 7.951331287148198
70 630 0.1421067404075636 0 460.2947499784359 43.05992044401442 19.902214633507107 10.283307600888284 12.252143332741667 1.0154444374805331 1.7109656581454127 7.825178645831654
71 639 0.13927633822165278 0 465.42449143708166 41.89177210424199 19.749694727563227 10.959842706277058 13.468331966643573 1.0001338574671523 1.907473744105622 7.997687586529908
72 648 0.14005093533140706 0 457.60192292010356 41.88482777959654 21.460788791859024 11.989562683569812 13.155429745128279 1.002902859606026 1.6263193181530449 7.75738189295897
73 657 0.14468444236754477 0 471.2204541859029 41.60931599621225 19.94730447338814 12.61061131062422 12.678294859007021 1.0020257157120933 2.039222539100288 7.802750074137508
74 666 0.12967145583463627 0 452.179500125589 41.3231316562328 20.119116687246382 9.00592623161712 13.254798108026018 1.0000043539787524 1.5996430373839243 7.948208929647776
75 675 0.1329627554202674 0 454.67494611710447 41.75422996258859 19.005881272357694 11.316676009285036 13.402009110530042 1.0002343342472497 1.7566403141141957 7.779729952640832
76 684 0.13680452986584427 0 454.9117922521454 42.29650301110995 18.464690271802795 9.107054242572614 13.083329703412184 1.0022076013738555 1.7999954484887593 7.895451831302394
77 693 0.14592657674994022 0 477.32148882775687 41.67557945031457 19.43505652800584 10.400066075403338 12.851172735280189 1.0015355816584495 2.29060731608226 7.721644245138936
78 702 0.1463542576805218 0 460.07563856845024 40.85444703666876 20.368469310643388 9.829755864891766 13.109899262057068 1.0074862448181043 1.6178512428844445 7.626774277648323
79 711 0.1454464908226584 0 464.57680495596173 40.41874766247897 20.842642430997092 11.182625081308833 13.203084082292287 1.0000578997510077 1.71205179520252 7.648525192065681
80 720 0.14669237200364477 0 461.398151770212 40.653847356200835 20.486967452267496 11.663291711978728 12.666245178427614 1.004525898433387 1.5399649197189613 7.628328802905627
81 729 0.1354153545077452 0 453.3120321652064 41.33961905070395 21.10948145237563 11.588249887743068 12.853695410407793 1.0022743218635624 1.515050501130672 7.540806586023847
82 738 0.12708096567119162 0 461.6941946079048 42.0999906374951 18.809733194311423 10.94424942252617 12.7517523216623 1.0011066956453145 1.9440302953713573 7.8200643522744935
83 747 0.11671242330148429 0 453.6682837937511 41.67163575067683 20.438090607162916 10.326238747060811 13.55830211998269 1.0001565254313047 1.5357299611755701 7.434044191577088
84 756 0.11267716431889835 0 452.4749498583316 41.690658585709585 20.905087553254205 10.168806850293784 12.913677898584268 1.0004281666680754 1.5686105544196975 7.3536813966365715
85 765 0.10675544093785305 0 457.4077288601251 41.48730997385005 20.277834029676804 10.505230071915976 12.850625288191594 1.0001679810224104 1.7023810414460276 7.648296828600498
86 774 0.0945835831409698 0 450.29083788657306 41.61665006921885 19.581666777762504 10.25568855326689 12.984263742284202 1.0000499272771142 1.6542954252532538 7.816669200843797
87 783 0.08892989861000976 0 448.9760672155737 41.50404473163181 20.829329637249035 10.589034804337194 12.9469146611774 1.0014699744998716 1.4936224905962259 7.707438181521764
88 792 0.08094243789564802 0 452.51667229893167 41.96411608718189 20.458145079532382 10.566700804885016 12.947177671662121 1.001453212341956 1.6463881279983692 7.530093209453622
89 801 0.09102719627046926 0 448.72370961625853 41.100114707344545 20.332324053033748 11.678781144121718 13.341284212871457 1.0001293686028105 1.5052627267637033 7.688421898573815
90 810 0.08853924610338236 0 449.95282740071616 41.49169469228281 19.95509626873796 10.17479984535223 13.335250274692195 1.0003205882687098 1.5799651228523846 7.751673977323781
91 819 0.08219299089241394 0 454.43473707183205 41.665543877386 19.476085194096434 10.107303447352717 13.510789786760974 1.0000233046522242 1.6543121438351653 7.860616264705738
92 828 0.0778631950334551 0 453.1088075428812 41.999064381000466 19.192206020622002 10.730677248073892 13.144748940403371 1.0012416556809443 1.762268578690585 7.8837441598829665
93 837 0.06715870641526886 0 450.28734125801867 41.92885463180177 19.831576637484023 10.856472529234908 13.16163372037675 1.0008170666089715 1.661818644304095 7.782877606965073
94 846 0.06381852640232737 0 448.28604596898515 41.65235921158921 20.135308799289476 11.439372051784371 13.199203189732831 1.000054702201188 1.592190925827934 7.707851248480504
95 855 0.06118614042375372 0 449.4508294280703 41.5709816721213 20.218963048294736 10.69492016474641 13.136423499383952 1.000126073185619 1.5526621964752718 7.74779301973056
96 864 0.0633181621776761 0 445.9099996464571 41.348415543800364 21.145185290255217 11.051116743590812 13.292301012105904 1.000331428321425 1.3818927106699863 7.672569439765768
97 873 0.0670823675607663 0 446.32019956905566 41.13161029140832 21.45999099195381 12.118990064258345 13.296660133643096 1.0007013821228257 1.343099739794671 7.557206408677543
98 882 0.06666036814286003 0 448.0729172490021 41.359147248250544 20.682003807662234 11.473169847669 13.2372174438436 1.0011827970312193 1.4886966334778715 7.779777571435859
99 891 0.06364956858018564 0 443.8543734330586 41.326733167031854 22.268454222050455 12.541806966571778 13.292559126234172 1.0006764132759465 1.2249156848790925 7.44566556249626
100 900 0.06459191060715694 0 442.1677354497154 41.1692634766149 22.540956741186523 12.556020257214817 13.246164061262185 1.0005733111689856 1.1463171359749698 7.35666755459621
101 909 0.061560333028331055 0 445.4095776793886 40.98337775100374 22.33846518174728 12.270406177588116 13.274292546212951 1.000544271042321 1.1985628257357677 7.415072714816351
102 918 0.062409235412745026 0 441.82077295257 41.065045391886585 22.864720818090692 11.734347499083645 13.43032424101085 1.0000004567962153 1.0525862145328118 7.210326975561014
103 927 0.06674115688306934 0 441.7090292696835 40.95454682482289 23.001654373763905 12.878458722232125 13.461144856219569 1.0005462411746773 1.0047555506661456 7.4335446952336275
104 936 0.0647195500643179 0 440.7265348279762 40.92934305669379 22.410840441938706 12.279162791740937 13.437923515489935 1.0000573740169725 1.0746492601981985 7.364872765167408
105 945 0.058936631027171935 0 439.103517092091 41.12640607834125 22.94165529528424 12.127659094840144 13.297013576684481 1.0000939976652314 1.0323940764927437 7.248876174932426
106 954 0.05552116065241539 0 438.199046306638 41.16036243499606 23.144527284001057 12.782091030510978 13.282450855346497 1.0000442721582736 1.0008833089916833 7.1614626711872225
107 963 0.05138242842564037 0 437.80871073926187 40.964566188147224 22.716742578037433 12.696470844447608 13.35498477549181 1.0000128403354673 1.0116312031759847 7.301959247505859
108 972 0.05241997841030821 0 437.48156226798 41.013684481788424 22.725827360755776 12.794404334077926 13.411431888354208 1.0001874923299678 1.000000300173014 7.283888864441091
109 981 0.04735006851564991 0 436.8136753399226 41.06570942853787 22.78944045845448 12.20670608652005 13.311136157039911 1.0000788374086946 1.0055843928549324 7.197167932677998
110 990 0.04177911227787365 0 437.7935237791927 40.956501916449774 22.708431209667605 12.979807294231394 13.385454462272223 1.0000449045679867 1.0064215209375214 7.321749603574445
111 999 0.04212486433870698 0 437.55307703822336 41.18461799710844 22.988917064683687 12.278621481063379 13.36390713760118 1.0000121931391335 1.000696107954382 7.2674100972631726
112 1008 0.04069168069608076 0 437.58447558103217 41.0659130144264 22.765882352804436 12.476053268112546 13.344923374925346 1.0001462813213151 1.0167408833069123 7.197719595071056
113 1017 0.03683020897536474 0 437.25646468148443 41.224192169162855 22.931668685781045 12.356735099133273 13.370542350435349 1.00061825048988 1.0010192269461953 7.165129483405564
114 1026 0.03368203992179252 0 437.22273752898985 41.251106610532155 23.03034383859675 12.390997927989089 13.295534182084337 1.0003354810054876 1.0075848491973776 7.15822877160445
115 1035 0.03253617293159834 0 437.20225576023256 41.231232116802424 22.96892907858746 12.633218894134972 13.377662955288686 1.0003013440174622 1.000097747547488 7.147543913992297
116 1044 0.031099765071175865 0 437.2448884639308 41.121451622157394 22.884689978557553 12.773847310261676 13.334720027742572 1.0004249390366537 1.0037546612726738 7.152145633697077
117 1053 0.03189977777349726 0 437.2962628869961 41.126850744312684 22.92044198121958 12.915708833726022 13.364558228919478 1.0000723578165807 1.000325143217368 7.13144128482656
118 1062 0.032136628155364846 0 437.58687580877904 40.979264914042275 22.587804146697668 12.878467020826927 13.305680992549313 1.0000521479759759 1.0347641382056654 7.24825911613726
119 1071 0.032426021683910754 0 437.14573047132626 41.04727920547895 22.8674149015485 12.890472122106187 13.313815834497827 1.0001156906512627 1.0002562870988558 7.173648993301987
120 1080 0.034332270187636245 0 436.41312449246277 41.03536954152713 22.793712298765023 12.970530932432409 13.292824273024939 1.0000281130627195 1.0000266211795052 7.184462152020575
121 1089 0.03223990356216689 0 436.83306230913826 40.99464780676585 22.742720145943846 12.96069273894557 13.305994310179942 1.0001254423358064 1.004423635083138 7.18163382142943
122 1098 0.028339412912362284 0 436.2660037052113 41.12455454828147 22.808432099368275 12.867519357897622 13.334015985534698 1.0002479174024528 1.0011648600154641 7.163782333166735
123 1107 0.028686312224098218 0 436.85348321702133 41.01524387007387 22.6529454366112 13.03626695501087 13.377297650836333 1.0006996267936215 1.0015832469909756 7.1763093675389475
124 1116 0.024594484873642634 0 436.85185333840604 41.03106374733324 22.733191875667874 12.80574463544142 13.345546146864503 1.000037238845982 1.0065948703888332 7.184539201954844
125 1125 0.02264156344452624 0 436.66918068827187 40.99982943425238 22.759804536941317 12.91431198909019 13.285585504698695 1.0001946225374474 1.0017006634683467 7.180031837326415
126 1134 0.02194270110613069 0 436.3132759182291 41.02921851556888 22.735190367665357 12.934174548178603 13.296128063125185 1.0001577769404355 1.0030741769047995 7.2103517000928905
127 1143 0.024458664806479142 0 436.66992404787374 41.0305190914812 22.785567812595577 12.675404886243134 13.307985204821652 1.0000583827161407 1.0008925608071142 7.243637015466137
128 1152 0.026273816623827308 0 436.20033820644596 41.00110661711489 22.7063569919094 12.868797909264762 13.258450713941492 1.0002072081198874 1.0033740243418494 7.181590799955642
129 1161 0.029211225596273423 0 436.1864994234213 41.12806795395263 22.88017830293133 12.480819328778459 13.215888915825433 1.0003321221376507 1.0011744375236877 7.122685213014299
130 1170 0.027851831451224544 0 435.9106749405085 41.03082068465466 22.72156446383063 13.038256678567759 13.266638164385931 1.0001157045729174 1.0025531422608365 7.171373041558751
131 1179 0.025839430463371334 0 435.6962453026208 41.11420429356844 22.816767068787584 12.935398705493522 13.245349678424768 1.0002214105716023 1.0003933248186714 7.155579236547367
132 1188 0.027265507837285707 0 435.8742220965163 41.183160356942345 22.908013089487174 12.631568038883778 13.263811845853914 1.000125946916145 1.0001060195786287 7.121550190523812
133 1197 0.026799693775550866 0 436.1506635681024 41.0697469657176 22.80240303858189 12.868214585729701 13.260437998320803 1.0002485446473817 1.0006241136276712 7.18248696950405
134 1206 0.022986587159086417 0 436.16698873136147 41.055027257770554 22.758300702697294 12.795943151281472 13.270757123713748 1.000552261660045 1.0000043508029213 7.17303688257357
135 1215 0.020209911453473662 0 435.90197533588747 41.07568685105784 22.76222857305798 12.582188800027378 13.248307961001148 1.0002921753958804 1.0000129125524926 7.219057437852567
136 1224 0.0191362744587882 0 435.7004648431466 41.05692850828934 22.748285241104828 12.763260879697048 13.219793707614835 1.0002968623747668 1.000115653974053 7.197926922731223
137 1233 0.019198853254757963 0 435.8104136111448 41.00843635661652 22.700016875864748 12.79542635262522 13.214273105237867 1.0003367522382096 1.0000334416285994 7.194932252915971
138 1242 0.018498635732708924 0 435.9245588373236 41.04213072848922 22.733565296843757 12.604356233785385 13.179983405301396 1.0004010275141146 1.0010325520766057 7.189901521359865
139 1251 0.017725615334187213 0 435.8343799102532 41.043664825324804 22.75590817531934 12.69161229425023 13.185037342404234 1.000281145316489 1.00003360223911 7.174224013967133
140 1260 0.017327942591366954 0 435.84297313490197 41.046584614774446 22.756866023382578 12.822252974998765 13.157766604169122 1.0003849668466476 1.000441709104683 7.142473057236837
141 1269 0.016762383662347596 0 435.78691227057175 41.081533439754786 22.806624566037744 12.748934371164596 13.152531284626457 1.0002055276422388 1.0000320895884978 7.1422955321117945
142 1278 0.014713798695592528 0 435.8200632155774 41.087665245793765 22.805512741326925 12.580008599576066 13.175877557349528 1.0003293815105327 1.0000506624189485 7.156181253008682
143 1287 0.013486124777076648 0 435.9196994915965 41.075208706713525 22.775172691445075 12.58639231866458 13.178493071323647 1.0003879175757158 1.0018371668795847 7.146757486160179
144 1296 0.012953199195446635 0 435.75375208135597 41.08729884975118 22.79770934877538 12.585131477398008 13.198569415105666 1.0002437276487874 1.0001358586495326 7.179889626400157
145 1305 0.013047580648688271 0 435.79595633008773 41.09179980981828 22.807253846101272 12.589375891416644 13.19469046352607 1.0003029924801057 1.0000959551742188 7.147425531251499
146 1314 0.01361120483600406 0 435.73912172425764 41.07867556631164 22.792330886152545 12.792534300773763 13.199505204738301 1.0002821374230202 1.0000005383486141 7.126333035769508
147 1323 0.01593959593131258 0 435.6602781225032 41.133231869875864 22.861205879326825 12.72746268974993 13.182304735594055 1.000118042518756 1.0001828045442411 7.120054470604582
148 1332 0.017695191850113482 0 435.7022966966093 41.10380227439363 22.82446061133604 12.731230593690716 13.15965551742233 1.000164920753496 1.0004173420771216 7.143874461007196
149 1341 0.019719823892390353 0 435.57570886848146 41.12074230715731 22.845383173615467 12.936064159882488 13.19210065856259 1.0000485550675857 1.0000823818725717 7.125256215565428
150 1350 0.021775987073209487 0 435.60586494405646 41.16696768578505 22.90407939106153 13.004916318760841 13.196796734021627 1.000001757239844 1.0007545105531797 7.126234345344826
150 1350 0.021775987073209487 0 435.60586494405646 41.16696768578505 22.90407939106153 13.004916318760841 13.196796734021627 1.000001757239844 1.0007545105531797 7.126234345344826
