theta_1dot = -0.003765
theta_2 = -0.373084
t_1 = 496.410000
t_2 = 861.370000
dm_pg/dm = -0.507847
dm_pg/dW = 0.286252
