theta_1dot = -0.004829
theta_2 = -0.287952
t_1 = 374.689000
t_2 = 718.361000
dm_pg/dm = -0.490813
dm_pg/dW = 0.286859
