% # columns="iteration, evaluation, min 25%tile 75%tile max correlation, correlation matrix principal axes lengths  (sorted square roots of eigenvalues of correlation matrix)", seed=754736, Mon Jun 29 00:42:35 2026
1 10 -0.059383819164344015 -0.017845993725707388 0.012468865244561098 0.05959529550731059 0.9426933134814983 0.9524364319755921 0.9803159233279926 0.9882764684420734 0.9961437483785138 1.0010151055882777 1.0067172553697032 1.0138051237449097 1.0223466437913178 1.0888883054954284
2 20 -0.10570403414975395 -0.028858958879859925 0.02287474169310942 0.11113445724689697 0.9426933134814983 0.9524364319755921 0.9803159233279926 0.9882764684420734 0.9961437483785138 1.0010151055882777 1.0067172553697032 1.0138051237449097 1.0223466437913178 1.0888883054954284
3 30 -0.1365230788493346 -0.03373407856875213 0.030664974122731697 0.05640925144391813 0.9426933134814983 0.9524364319755921 0.9803159233279926 0.9882764684420734 0.9961437483785138 1.0010151055882777 1.0067172553697032 1.0138051237449097 1.0223466437913178 1.0888883054954284
4 40 -0.1458470420343898 -0.047227163934808886 0.03753602931568983 0.07452406109018378 0.9426933134814983 0.9524364319755921 0.9803159233279926 0.9882764684420734 0.9961437483785138 1.0010151055882777 1.0067172553697032 1.0138051237449097 1.0223466437913178 1.0888883054954284
5 50 -0.17160600662535283 -0.04819227608739128 0.03650798947801753 0.08826794532140139 0.9426933134814983 0.9524364319755921 0.9803159233279926 0.9882764684420734 0.9961437483785138 1.0010151055882777 1.0067172553697032 1.0138051237449097 1.0223466437913178 1.0888883054954284
6 60 -0.18334672540507074 -0.05873549609200843 0.0357652637968046 0.10052081019838195 0.9426933134814983 0.9524364319755921 0.9803159233279926 0.9882764684420734 0.9961437483785138 1.0010151055882777 1.0067172553697032 1.0138051237449097 1.0223466437913178 1.0888883054954284
7 70 -0.2269996766729008 -0.052599385303316454 0.03997723606175582 0.12909589636868488 0.9426933134814983 0.9524364319755921 0.9803159233279926 0.9882764684420734 0.9961437483785138 1.0010151055882777 1.0067172553697032 1.0138051237449097 1.0223466437913178 1.0888883054954284
8 80 -0.23125531971139066 -0.06831800704058874 0.0408821748634577 0.14977858489100745 0.9426933134814983 0.9524364319755921 0.9803159233279926 0.9882764684420734 0.9961437483785138 1.0010151055882777 1.0067172553697032 1.0138051237449097 1.0223466437913178 1.0888883054954284
9 90 -0.25119243064783875 -0.06385038273098023 0.04364925148086287 0.1394447159238172 0.9426933134814983 0.9524364319755921 0.9803159233279926 0.9882764684420734 0.9961437483785138 1.0010151055882777 1.0067172553697032 1.0138051237449097 1.0223466437913178 1.0888883054954284
10 100 -0.2502180306094927 -0.06925262696908027 0.043716965087736974 0.1346832747718819 0.9426933134814983 0.9524364319755921 0.9803159233279926 0.9882764684420734 0.9961437483785138 1.0010151055882777 1.0067172553697032 1.0138051237449097 1.0223466437913178 1.0888883054954284
11 110 -0.2871457188121767 -0.080365130222994 0.06503427933565444 0.14191645193853591 0.7851622620858822 0.8079463277048283 0.8517087983934878 0.9268745210573232 0.9610647743693074 0.9976426950620925 1.0096643866088009 1.0607425528031382 1.1900569404135437 1.2909181975687565
12 120 -0.2791677037976264 -0.07339809243908774 0.07734908187413331 0.13554696811490957 0.7851622620858822 0.8079463277048283 0.8517087983934878 0.9268745210573232 0.9610647743693074 0.9976426950620925 1.0096643866088009 1.0607425528031382 1.1900569404135437 1.2909181975687565
13 130 -0.31592107108185263 -0.08163581483922394 0.07385147311959916 0.17661457351691245 0.7851622620858822 0.8079463277048283 0.8517087983934878 0.9268745210573232 0.9610647743693074 0.9976426950620925 1.0096643866088009 1.0607425528031382 1.1900569404135437 1.2909181975687565
14 140 -0.34046879577768496 -0.0777542008889113 0.09092050202750698 0.2097912657341024 0.7851622620858822 0.8079463277048283 0.8517087983934878 0.9268745210573232 0.9610647743693074 0.9976426950620925 1.0096643866088009 1.0607425528031382 1.1900569404135437 1.2909181975687565
15 150 -0.34317842622344724 -0.08446920786140494 0.09897344110457376 0.2323624621878819 0.7851622620858822 0.8079463277048283 0.8517087983934878 0.9268745210573232 0.9610647743693074 0.9976426950620925 1.0096643866088009 1.0607425528031382 1.1900569404135437 1.2909181975687565
16 160 -0.2934060011944103 -0.0933992177434413 0.11095506950691145 0.23089177671858596 0.7851622620858822 0.8079463277048283 0.8517087983934878 0.9268745210573232 0.9610647743693074 0.9976426950620925 1.0096643866088009 1.0607425528031382 1.1900569404135437 1.2909181975687565
17 170 -0.27071971940489886 -0.08596408256131483 0.10062393595212511 0.24072871088733488 0.7851622620858822 0.8079463277048283 0.8517087983934878 0.9268745210573232 0.9610647743693074 0.9976426950620925 1.0096643866088009 1.0607425528031382 1.1900569404135437 1.2909181975687565
18 180 -0.2717576957666713 -0.09313039990625974 0.08905180887325025 0.26732326380129684 0.7851622620858822 0.8079463277048283 0.8517087983934878 0.9268745210573232 0.9610647743693074 0.9976426950620925 1.0096643866088009 1.0607425528031382 1.1900569404135437 1.2909181975687565
19 190 -0.2655726967602618 -0.08424289222406255 0.069518192843226 0.2668261234615363 0.7851622620858822 0.8079463277048283 0.8517087983934878 0.9268745210573232 0.9610647743693074 0.9976426950620925 1.0096643866088009 1.0607425528031382 1.1900569404135437 1.2909181975687565
20 200 -0.3014121256067158 -0.06636145187584 0.09120812568991948 0.2884966145967055 0.7851622620858822 0.8079463277048283 0.8517087983934878 0.9268745210573232 0.9610647743693074 0.9976426950620925 1.0096643866088009 1.0607425528031382 1.1900569404135437 1.2909181975687565
21 210 -0.3812631583960617 -0.08739701174929965 0.10034327534726808 0.3103782213847481 0.6805242425779463 0.7910853178290713 0.8330207377921169 0.8475104509593939 0.9607484676888186 0.9662575834357232 1.0254720234141652 1.062831245596962 1.2645703591377833 1.3644928012841335
22 220 -0.39314961923875974 -0.08231335699888005 0.11186944346793457 0.3148105281378409 0.6805242425779463 0.7910853178290713 0.8330207377921169 0.8475104509593939 0.9607484676888186 0.9662575834357232 1.0254720234141652 1.062831245596962 1.2645703591377833 1.3644928012841335
23 230 -0.3950629344081339 -0.09937168881722638 0.11635803172080439 0.3526352739320191 0.6805242425779463 0.7910853178290713 0.8330207377921169 0.8475104509593939 0.9607484676888186 0.9662575834357232 1.0254720234141652 1.062831245596962 1.2645703591377833 1.3644928012841335
24 240 -0.40135790470137817 -0.11253405278503681 0.12437621650493863 0.318202738365774 0.6805242425779463 0.7910853178290713 0.8330207377921169 0.8475104509593939 0.9607484676888186 0.9662575834357232 1.0254720234141652 1.062831245596962 1.2645703591377833 1.3644928012841335
25 250 -0.39372522903589846 -0.09523336459156465 0.11821343071303218 0.3107795871195398 0.6805242425779463 0.7910853178290713 0.8330207377921169 0.8475104509593939 0.9607484676888186 0.9662575834357232 1.0254720234141652 1.062831245596962 1.2645703591377833 1.3644928012841335
26 260 -0.3999036951503418 -0.08821181739072334 0.08622982391955718 0.2932065775064554 0.6805242425779463 0.7910853178290713 0.8330207377921169 0.8475104509593939 0.9607484676888186 0.9662575834357232 1.0254720234141652 1.062831245596962 1.2645703591377833 1.3644928012841335
27 270 -0.40205679091933666 -0.09026664115546369 0.09419028313975444 0.3402513452293523 0.6805242425779463 0.7910853178290713 0.8330207377921169 0.8475104509593939 0.9607484676888186 0.9662575834357232 1.0254720234141652 1.062831245596962 1.2645703591377833 1.3644928012841335
28 280 -0.37277558137782824 -0.08216021282935651 0.10400385445474199 0.36338346676084243 0.6805242425779463 0.7910853178290713 0.8330207377921169 0.8475104509593939 0.9607484676888186 0.9662575834357232 1.0254720234141652 1.062831245596962 1.2645703591377833 1.3644928012841335
29 290 -0.37610095236821184 -0.09529285211370228 0.1062712885727414 0.36186589877138786 0.6805242425779463 0.7910853178290713 0.8330207377921169 0.8475104509593939 0.9607484676888186 0.9662575834357232 1.0254720234141652 1.062831245596962 1.2645703591377833 1.3644928012841335
30 300 -0.377346037512449 -0.10002998734967058 0.1154753202997107 0.33596385206006224 0.6805242425779463 0.7910853178290713 0.8330207377921169 0.8475104509593939 0.9607484676888186 0.9662575834357232 1.0254720234141652 1.062831245596962 1.2645703591377833 1.3644928012841335
31 310 -0.38579942364598974 -0.11702482541173828 0.11107618961696816 0.2903747890807722 0.6271171754774088 0.7213579085759724 0.7935809453564113 0.8560459715517762 0.94147869603727 1.0101656033541042 1.0487692313162356 1.1527284669139786 1.2272786552448625 1.3718790018847877
32 320 -0.38943475330018235 -0.07589724654896482 0.09878304695563725 0.25733367359417436 0.6271171754774088 0.7213579085759724 0.7935809453564113 0.8560459715517762 0.94147869603727 1.0101656033541042 1.0487692313162356 1.1527284669139786 1.2272786552448625 1.3718790018847877
33 330 -0.4449283172130556 -0.09606285400431086 0.11041178031950004 0.25795976737931303 0.6271171754774088 0.7213579085759724 0.7935809453564113 0.8560459715517762 0.94147869603727 1.0101656033541042 1.0487692313162356 1.1527284669139786 1.2272786552448625 1.3718790018847877
34 340 -0.45741094309380304 -0.11040552276444557 0.11186996231133317 0.2648803328584701 0.6271171754774088 0.7213579085759724 0.7935809453564113 0.8560459715517762 0.94147869603727 1.0101656033541042 1.0487692313162356 1.1527284669139786 1.2272786552448625 1.3718790018847877
35 350 -0.49716215370606054 -0.08777435843770699 0.10393978504906548 0.29671462777743574 0.6271171754774088 0.7213579085759724 0.7935809453564113 0.8560459715517762 0.94147869603727 1.0101656033541042 1.0487692313162356 1.1527284669139786 1.2272786552448625 1.3718790018847877
36 360 -0.5017748369373941 -0.10019426759081405 0.09796731394868359 0.3213151167267731 0.6271171754774088 0.7213579085759724 0.7935809453564113 0.8560459715517762 0.94147869603727 1.0101656033541042 1.0487692313162356 1.1527284669139786 1.2272786552448625 1.3718790018847877
37 370 -0.5255779143351451 -0.1170195542562353 0.11717426880283441 0.32542388817535534 0.6271171754774088 0.7213579085759724 0.7935809453564113 0.8560459715517762 0.94147869603727 1.0101656033541042 1.0487692313162356 1.1527284669139786 1.2272786552448625 1.3718790018847877
38 380 -0.5337490659849714 -0.12707559225720488 0.1203984152138716 0.335950573006797 0.6271171754774088 0.7213579085759724 0.7935809453564113 0.8560459715517762 0.94147869603727 1.0101656033541042 1.0487692313162356 1.1527284669139786 1.2272786552448625 1.3718790018847877
39 390 -0.5338515749893337 -0.12797528342167316 0.1328029255108459 0.3236392425034921 0.6271171754774088 0.7213579085759724 0.7935809453564113 0.8560459715517762 0.94147869603727 1.0101656033541042 1.0487692313162356 1.1527284669139786 1.2272786552448625 1.3718790018847877
40 400 -0.5084857397036838 -0.1458952715458301 0.15168006733594178 0.3194439357772478 0.6271171754774088 0.7213579085759724 0.7935809453564113 0.8560459715517762 0.94147869603727 1.0101656033541042 1.0487692313162356 1.1527284669139786 1.2272786552448625 1.3718790018847877
41 410 -0.5006269907002502 -0.13649731336336646 0.14769893105607332 0.3350690571680615 0.5767229365747867 0.7102297836366009 0.7289895805589715 0.817049928221539 0.8637767464580297 0.9558325102976734 1.0354566475512794 1.1553937956021534 1.212359521210423 1.557986187065364
42 420 -0.48783980170821384 -0.1272978577114343 0.1500568378336668 0.34595089589242145 0.5767229365747867 0.7102297836366009 0.7289895805589715 0.817049928221539 0.8637767464580297 0.9558325102976734 1.0354566475512794 1.1553937956021534 1.212359521210423 1.557986187065364
43 430 -0.4874218816284524 -0.12591696532621313 0.13124323525329465 0.3486118102855125 0.5767229365747867 0.7102297836366009 0.7289895805589715 0.817049928221539 0.8637767464580297 0.9558325102976734 1.0354566475512794 1.1553937956021534 1.212359521210423 1.557986187065364
44 440 -0.4922461063443714 -0.16412918816107103 0.14267406442263492 0.36905388542470335 0.5767229365747867 0.7102297836366009 0.7289895805589715 0.817049928221539 0.8637767464580297 0.9558325102976734 1.0354566475512794 1.1553937956021534 1.212359521210423 1.557986187065364
45 450 -0.4824465833454547 -0.16004233872935947 0.13750588328827518 0.41260950574197225 0.5767229365747867 0.7102297836366009 0.7289895805589715 0.817049928221539 0.8637767464580297 0.9558325102976734 1.0354566475512794 1.1553937956021534 1.212359521210423 1.557986187065364
46 460 -0.464595419642443 -0.16141067642021123 0.12020999786720853 0.41886511050277503 0.5767229365747867 0.7102297836366009 0.7289895805589715 0.817049928221539 0.8637767464580297 0.9558325102976734 1.0354566475512794 1.1553937956021534 1.212359521210423 1.557986187065364
47 470 -0.4962916855132426 -0.16973604293671418 0.12051286842160513 0.4249950417445384 0.5767229365747867 0.7102297836366009 0.7289895805589715 0.817049928221539 0.8637767464580297 0.9558325102976734 1.0354566475512794 1.1553937956021534 1.212359521210423 1.557986187065364
48 480 -0.5049690081037558 -0.16288170205208494 0.10476485231274044 0.42715523546795586 0.5767229365747867 0.7102297836366009 0.7289895805589715 0.817049928221539 0.8637767464580297 0.9558325102976734 1.0354566475512794 1.1553937956021534 1.212359521210423 1.557986187065364
49 490 -0.5080476211648882 -0.1687460917772631 0.1223470629256891 0.41868489326009695 0.5767229365747867 0.7102297836366009 0.7289895805589715 0.817049928221539 0.8637767464580297 0.9558325102976734 1.0354566475512794 1.1553937956021534 1.212359521210423 1.557986187065364
50 500 -0.5239290398876227 -0.14061375555684877 0.09162814174434303 0.3811608788904086 0.5767229365747867 0.7102297836366009 0.7289895805589715 0.817049928221539 0.8637767464580297 0.9558325102976734 1.0354566475512794 1.1553937956021534 1.212359521210423 1.557986187065364
51 510 -0.4966456032230503 -0.15531894531636986 0.09249707912517316 0.3691331384878248 0.5332026569327326 0.6651985928644757 0.7556582779997589 0.8204837274780613 0.8544891909730742 0.9330355637452563 1.02799441428688 1.1310084963340468 1.2603432438640862 1.5823614665692605
52 520 -0.48255842361856854 -0.16144030199984036 0.08983966369410791 0.34681563103368007 0.5332026569327326 0.6651985928644757 0.7556582779997589 0.8204837274780613 0.8544891909730742 0.9330355637452563 1.02799441428688 1.1310084963340468 1.2603432438640862 1.5823614665692605
53 530 -0.46738309845763965 -0.16771067222307903 0.07959829745822078 0.3426620466353049 0.5332026569327326 0.6651985928644757 0.7556582779997589 0.8204837274780613 0.8544891909730742 0.9330355637452563 1.02799441428688 1.1310084963340468 1.2603432438640862 1.5823614665692605
54 540 -0.47395487082487375 -0.15009678802479348 0.09329168852665223 0.35064122419541066 0.5332026569327326 0.6651985928644757 0.7556582779997589 0.8204837274780613 0.8544891909730742 0.9330355637452563 1.02799441428688 1.1310084963340468 1.2603432438640862 1.5823614665692605
55 550 -0.4781701164991264 -0.16213480472383318 0.09192159019100493 0.36588522386006717 0.5332026569327326 0.6651985928644757 0.7556582779997589 0.8204837274780613 0.8544891909730742 0.9330355637452563 1.02799441428688 1.1310084963340468 1.2603432438640862 1.5823614665692605
56 560 -0.5027087102566988 -0.15785729301750748 0.1117454989118312 0.3844918807353052 0.5332026569327326 0.6651985928644757 0.7556582779997589 0.8204837274780613 0.8544891909730742 0.9330355637452563 1.02799441428688 1.1310084963340468 1.2603432438640862 1.5823614665692605
57 570 -0.5512485876926424 -0.14448748252851504 0.12181078801760081 0.4319410120481617 0.5332026569327326 0.6651985928644757 0.7556582779997589 0.8204837274780613 0.8544891909730742 0.9330355637452563 1.02799441428688 1.1310084963340468 1.2603432438640862 1.5823614665692605
58 580 -0.5538562369556159 -0.1223924614531546 0.12347323941610955 0.4476475995882804 0.5332026569327326 0.6651985928644757 0.7556582779997589 0.8204837274780613 0.8544891909730742 0.9330355637452563 1.02799441428688 1.1310084963340468 1.2603432438640862 1.5823614665692605
59 590 -0.5473530234346249 -0.13812909106535243 0.13747716699823118 0.5021913815960048 0.5332026569327326 0.6651985928644757 0.7556582779997589 0.8204837274780613 0.8544891909730742 0.9330355637452563 1.02799441428688 1.1310084963340468 1.2603432438640862 1.5823614665692605
60 600 -0.5374058128310862 -0.12247154525093906 0.13446499497924919 0.516542260299615 0.5332026569327326 0.6651985928644757 0.7556582779997589 0.8204837274780613 0.8544891909730742 0.9330355637452563 1.02799441428688 1.1310084963340468 1.2603432438640862 1.5823614665692605
61 610 -0.5439464546854108 -0.12578195979952103 0.14465977551493459 0.5188061942694773 0.42557834335992556 0.6272123192554341 0.7490469937981037 0.7736048658141053 0.8412520332591971 0.9433648554455241 1.0517452261652886 1.1674170076532193 1.3473978359280574 1.5439553880123715
62 620 -0.5525089644816704 -0.13642814240087706 0.12473400271390325 0.5103817339432855 0.42557834335992556 0.6272123192554341 0.7490469937981037 0.7736048658141053 0.8412520332591971 0.9433648554455241 1.0517452261652886 1.1674170076532193 1.3473978359280574 1.5439553880123715
63 630 -0.5666246573713494 -0.1360127570526713 0.13441519499969756 0.5126188445317592 0.42557834335992556 0.6272123192554341 0.7490469937981037 0.7736048658141053 0.8412520332591971 0.9433648554455241 1.0517452261652886 1.1674170076532193 1.3473978359280574 1.5439553880123715
64 640 -0.5728621472517306 -0.15632390807283378 0.12186290388934756 0.4709988931983003 0.42557834335992556 0.6272123192554341 0.7490469937981037 0.7736048658141053 0.8412520332591971 0.9433648554455241 1.0517452261652886 1.1674170076532193 1.3473978359280574 1.5439553880123715
65 650 -0.5818594207941274 -0.16231186722102106 0.11964158114531524 0.4979151735401654 0.42557834335992556 0.6272123192554341 0.7490469937981037 0.7736048658141053 0.8412520332591971 0.9433648554455241 1.0517452261652886 1.1674170076532193 1.3473978359280574 1.5439553880123715
66 660 -0.5934658744348599 -0.17398732528279445 0.1346705890929176 0.5408106595911915 0.42557834335992556 0.6272123192554341 0.7490469937981037 0.7736048658141053 0.8412520332591971 0.9433648554455241 1.0517452261652886 1.1674170076532193 1.3473978359280574 1.5439553880123715
67 670 -0.609582935129649 -0.18215950687894894 0.11693526816905364 0.5496745518767895 0.42557834335992556 0.6272123192554341 0.7490469937981037 0.7736048658141053 0.8412520332591971 0.9433648554455241 1.0517452261652886 1.1674170076532193 1.3473978359280574 1.5439553880123715
68 680 -0.6215448067473851 -0.18672323135757382 0.14992852955877603 0.5546953939790402 0.42557834335992556 0.6272123192554341 0.7490469937981037 0.7736048658141053 0.8412520332591971 0.9433648554455241 1.0517452261652886 1.1674170076532193 1.3473978359280574 1.5439553880123715
69 690 -0.6155569499740301 -0.17797188824482696 0.15622667487778535 0.5545216489134247 0.42557834335992556 0.6272123192554341 0.7490469937981037 0.7736048658141053 0.8412520332591971 0.9433648554455241 1.0517452261652886 1.1674170076532193 1.3473978359280574 1.5439553880123715
70 700 -0.60212225321727 -0.18251964061441892 0.1514227190757233 0.5750679464182362 0.42557834335992556 0.6272123192554341 0.7490469937981037 0.7736048658141053 0.8412520332591971 0.9433648554455241 1.0517452261652886 1.1674170076532193 1.3473978359280574 1.5439553880123715
71 710 -0.6105599026285978 -0.1709498388687396 0.13884639602485618 0.5777812389798838 0.44087008009604134 0.584687831505168 0.6672995712166853 0.7168655289981258 0.751776521278711 0.9716047843385139 1.0413770079852351 1.189622622841628 1.4326489294802625 1.5630911682243402
72 720 -0.5994383207078231 -0.16432631835652656 0.14699844063924644 0.5726322484570809 0.44087008009604134 0.584687831505168 0.6672995712166853 0.7168655289981258 0.751776521278711 0.9716047843385139 1.0413770079852351 1.189622622841628 1.4326489294802625 1.5630911682243402
73 730 -0.592685483456243 -0.15433755641480784 0.1348490491506752 0.5741305415134769 0.44087008009604134 0.584687831505168 0.6672995712166853 0.7168655289981258 0.751776521278711 0.9716047843385139 1.0413770079852351 1.189622622841628 1.4326489294802625 1.5630911682243402
74 740 -0.6124488509896914 -0.15185317524028324 0.11066732373000343 0.5585988776571421 0.44087008009604134 0.584687831505168 0.6672995712166853 0.7168655289981258 0.751776521278711 0.9716047843385139 1.0413770079852351 1.189622622841628 1.4326489294802625 1.5630911682243402
75 750 -0.6041702515281209 -0.1607174421964797 0.09548019509774242 0.5360634352242439 0.44087008009604134 0.584687831505168 0.6672995712166853 0.7168655289981258 0.751776521278711 0.9716047843385139 1.0413770079852351 1.189622622841628 1.4326489294802625 1.5630911682243402
76 760 -0.6090996292793653 -0.17350722339076446 0.11649380825621213 0.5187580629458786 0.44087008009604134 0.584687831505168 0.6672995712166853 0.7168655289981258 0.751776521278711 0.9716047843385139 1.0413770079852351 1.189622622841628 1.4326489294802625 1.5630911682243402
77 770 -0.5826484239544383 -0.19823134024058378 0.10419620001612848 0.5364580323213388 0.44087008009604134 0.584687831505168 0.6672995712166853 0.7168655289981258 0.751776521278711 0.9716047843385139 1.0413770079852351 1.189622622841628 1.4326489294802625 1.5630911682243402
78 780 -0.510540587842476 -0.20382140698358553 0.14551761083337877 0.5644543171269603 0.44087008009604134 0.584687831505168 0.6672995712166853 0.7168655289981258 0.751776521278711 0.9716047843385139 1.0413770079852351 1.189622622841628 1.4326489294802625 1.5630911682243402
79 790 -0.5013747115280237 -0.20312282154740732 0.13889747169302816 0.5863664101269542 0.44087008009604134 0.584687831505168 0.6672995712166853 0.7168655289981258 0.751776521278711 0.9716047843385139 1.0413770079852351 1.189622622841628 1.4326489294802625 1.5630911682243402
80 800 -0.5054187766401838 -0.20481529556479539 0.13150089492380582 0.5852690411943164 0.44087008009604134 0.584687831505168 0.6672995712166853 0.7168655289981258 0.751776521278711 0.9716047843385139 1.0413770079852351 1.189622622841628 1.4326489294802625 1.5630911682243402
81 810 -0.49598904664107857 -0.1939410893590323 0.10903438691640122 0.5744932148910729 0.3443710454028912 0.5092516325036341 0.6168533463409582 0.6751843985145118 0.7695242166947016 0.9995192329024857 1.0427128672103017 1.183053877401545 1.4477989186509912 1.616012007641577
82 820 -0.5040377903421795 -0.18895506192025424 0.10663867653833559 0.5661924515376552 0.3443710454028912 0.5092516325036341 0.6168533463409582 0.6751843985145118 0.7695242166947016 0.9995192329024857 1.0427128672103017 1.183053877401545 1.4477989186509912 1.616012007641577
83 830 -0.49358342336673017 -0.19482405285710203 0.12100810086074869 0.5866695667512076 0.3443710454028912 0.5092516325036341 0.6168533463409582 0.6751843985145118 0.7695242166947016 0.9995192329024857 1.0427128672103017 1.183053877401545 1.4477989186509912 1.616012007641577
84 840 -0.5010802711508444 -0.18982030186247484 0.12478519449753585 0.5887194221154439 0.3443710454028912 0.5092516325036341 0.6168533463409582 0.6751843985145118 0.7695242166947016 0.9995192329024857 1.0427128672103017 1.183053877401545 1.4477989186509912 1.616012007641577
85 850 -0.4916995498146742 -0.18927607913480332 0.1342569116808534 0.595754092603306 0.3443710454028912 0.5092516325036341 0.6168533463409582 0.6751843985145118 0.7695242166947016 0.9995192329024857 1.0427128672103017 1.183053877401545 1.4477989186509912 1.616012007641577
86 860 -0.509336814390292 -0.18252625851668774 0.14444037628868286 0.5994854101415382 0.3443710454028912 0.5092516325036341 0.6168533463409582 0.6751843985145118 0.7695242166947016 0.9995192329024857 1.0427128672103017 1.183053877401545 1.4477989186509912 1.616012007641577
87 870 -0.5184696795267151 -0.2014660445685591 0.13270021719387198 0.5946127364608661 0.3443710454028912 0.5092516325036341 0.6168533463409582 0.6751843985145118 0.7695242166947016 0.9995192329024857 1.0427128672103017 1.183053877401545 1.4477989186509912 1.616012007641577
88 880 -0.5353657090747935 -0.18814919118891607 0.13558392965473193 0.5900072614103956 0.3443710454028912 0.5092516325036341 0.6168533463409582 0.6751843985145118 0.7695242166947016 0.9995192329024857 1.0427128672103017 1.183053877401545 1.4477989186509912 1.616012007641577
89 890 -0.5469090200234534 -0.19404844721889475 0.11783652026968414 0.5847686705233082 0.3443710454028912 0.5092516325036341 0.6168533463409582 0.6751843985145118 0.7695242166947016 0.9995192329024857 1.0427128672103017 1.183053877401545 1.4477989186509912 1.616012007641577
90 900 -0.5792103094423057 -0.2015781019790543 0.11592339259648965 0.6002773153524995 0.3443710454028912 0.5092516325036341 0.6168533463409582 0.6751843985145118 0.7695242166947016 0.9995192329024857 1.0427128672103017 1.183053877401545 1.4477989186509912 1.616012007641577
91 910 -0.5876357590116229 -0.2286520392479085 0.10987867923889474 0.6179454050566924 0.3023044130155176 0.45193558586896304 0.5044216534706447 0.6371916623848488 0.7866666607038728 0.9239786056000289 1.0329200479396163 1.2836364286030086 1.457962433897884 1.6525828830635183
92 920 -0.5986697905755557 -0.2552370777383034 0.0997723614002767 0.6129827744302339 0.3023044130155176 0.45193558586896304 0.5044216534706447 0.6371916623848488 0.7866666607038728 0.9239786056000289 1.0329200479396163 1.2836364286030086 1.457962433897884 1.6525828830635183
93 930 -0.6348524277772742 -0.23082400720633242 0.08937560255026578 0.642808900355737 0.3023044130155176 0.45193558586896304 0.5044216534706447 0.6371916623848488 0.7866666607038728 0.9239786056000289 1.0329200479396163 1.2836364286030086 1.457962433897884 1.6525828830635183
94 940 -0.639931317215635 -0.22601873472607403 0.10506690572141703 0.6442280429510514 0.3023044130155176 0.45193558586896304 0.5044216534706447 0.6371916623848488 0.7866666607038728 0.9239786056000289 1.0329200479396163 1.2836364286030086 1.457962433897884 1.6525828830635183
95 950 -0.640566934682966 -0.2232420858226571 0.09525185112501583 0.6311399392716907 0.3023044130155176 0.45193558586896304 0.5044216534706447 0.6371916623848488 0.7866666607038728 0.9239786056000289 1.0329200479396163 1.2836364286030086 1.457962433897884 1.6525828830635183
96 960 -0.6384497329190016 -0.23630099810521 0.12218560530698244 0.6349732030286251 0.3023044130155176 0.45193558586896304 0.5044216534706447 0.6371916623848488 0.7866666607038728 0.9239786056000289 1.0329200479396163 1.2836364286030086 1.457962433897884 1.6525828830635183
97 970 -0.6567924685437814 -0.2530780434215152 0.13069788244963834 0.635051919905554 0.3023044130155176 0.45193558586896304 0.5044216534706447 0.6371916623848488 0.7866666607038728 0.9239786056000289 1.0329200479396163 1.2836364286030086 1.457962433897884 1.6525828830635183
98 980 -0.6433257642869495 -0.2605889869392194 0.1291103309574295 0.5953361091894038 0.3023044130155176 0.45193558586896304 0.5044216534706447 0.6371916623848488 0.7866666607038728 0.9239786056000289 1.0329200479396163 1.2836364286030086 1.457962433897884 1.6525828830635183
99 990 -0.6543111463409581 -0.2853749131299981 0.13094438503598418 0.6170236906472464 0.3023044130155176 0.45193558586896304 0.5044216534706447 0.6371916623848488 0.7866666607038728 0.9239786056000289 1.0329200479396163 1.2836364286030086 1.457962433897884 1.6525828830635183
100 1000 -0.6756632202817711 -0.2632416536510673 0.13220638989223082 0.6071608057818583 0.3023044130155176 0.45193558586896304 0.5044216534706447 0.6371916623848488 0.7866666607038728 0.9239786056000289 1.0329200479396163 1.2836364286030086 1.457962433897884 1.6525828830635183
101 1010 -0.6742614323238383 -0.25039658008783444 0.10776820162248651 0.5896010242493314 0.21113590490625048 0.41658992071732326 0.48964135810301235 0.5492514146781476 0.7779200269835046 0.946804136589549 1.0486262556484367 1.2691391203998619 1.4799859810567768 1.6846843665775975
102 1020 -0.6501404583800326 -0.2520299828254138 0.12353788306573112 0.5964703114187576 0.21113590490625048 0.41658992071732326 0.48964135810301235 0.5492514146781476 0.7779200269835046 0.946804136589549 1.0486262556484367 1.2691391203998619 1.4799859810567768 1.6846843665775975
103 1030 -0.6578161682979277 -0.263965783331873 0.14961966578832725 0.6016013596973367 0.21113590490625048 0.41658992071732326 0.48964135810301235 0.5492514146781476 0.7779200269835046 0.946804136589549 1.0486262556484367 1.2691391203998619 1.4799859810567768 1.6846843665775975
104 1040 -0.6637717916644301 -0.2567048857534018 0.13768916289316066 0.5870421629149968 0.21113590490625048 0.41658992071732326 0.48964135810301235 0.5492514146781476 0.7779200269835046 0.946804136589549 1.0486262556484367 1.2691391203998619 1.4799859810567768 1.6846843665775975
105 1050 -0.6901857485651274 -0.27327450220376304 0.13532482315431896 0.5936402804258111 0.21113590490625048 0.41658992071732326 0.48964135810301235 0.5492514146781476 0.7779200269835046 0.946804136589549 1.0486262556484367 1.2691391203998619 1.4799859810567768 1.6846843665775975
106 1060 -0.689734058684178 -0.28009791092927133 0.12526482476035122 0.5936695393499335 0.21113590490625048 0.41658992071732326 0.48964135810301235 0.5492514146781476 0.7779200269835046 0.946804136589549 1.0486262556484367 1.2691391203998619 1.4799859810567768 1.6846843665775975
107 1070 -0.6982444355989031 -0.2935366004830372 0.13361877970160294 0.5910252863621804 0.21113590490625048 0.41658992071732326 0.48964135810301235 0.5492514146781476 0.7779200269835046 0.946804136589549 1.0486262556484367 1.2691391203998619 1.4799859810567768 1.6846843665775975
108 1080 -0.7075100134675647 -0.26135883266096904 0.1267585321888004 0.5710852453685433 0.21113590490625048 0.41658992071732326 0.48964135810301235 0.5492514146781476 0.7779200269835046 0.946804136589549 1.0486262556484367 1.2691391203998619 1.4799859810567768 1.6846843665775975
109 1090 -0.712910391261125 -0.2845607630903546 0.13784046727191396 0.5577557470566912 0.21113590490625048 0.41658992071732326 0.48964135810301235 0.5492514146781476 0.7779200269835046 0.946804136589549 1.0486262556484367 1.2691391203998619 1.4799859810567768 1.6846843665775975
110 1100 -0.7198616772879817 -0.2426018908652225 0.17526608489876058 0.554630401844933 0.21113590490625048 0.41658992071732326 0.48964135810301235 0.5492514146781476 0.7779200269835046 0.946804136589549 1.0486262556484367 1.2691391203998619 1.4799859810567768 1.6846843665775975
111 1110 -0.7116540633322327 -0.27335004193259216 0.15475361932775233 0.5610004042671838 0.15697871012932904 0.37467042481930346 0.48508656763949143 0.5361535886700818 0.7339909939907855 0.9537689718777588 1.0079949064811957 1.2325090930487312 1.4667686543035294 1.782484052220446
112 1120 -0.7116186547880109 -0.2886397564806619 0.1614097184933962 0.5690701647704297 0.15697871012932904 0.37467042481930346 0.48508656763949143 0.5361535886700818 0.7339909939907855 0.9537689718777588 1.0079949064811957 1.2325090930487312 1.4667686543035294 1.782484052220446
113 1130 -0.7278168648246738 -0.29889923149495323 0.18112075507313835 0.5546481604297838 0.15697871012932904 0.37467042481930346 0.48508656763949143 0.5361535886700818 0.7339909939907855 0.9537689718777588 1.0079949064811957 1.2325090930487312 1.4667686543035294 1.782484052220446
114 1140 -0.7224337588153492 -0.29565996935344097 0.17785494410394345 0.5491061920382229 0.15697871012932904 0.37467042481930346 0.48508656763949143 0.5361535886700818 0.7339909939907855 0.9537689718777588 1.0079949064811957 1.2325090930487312 1.4667686543035294 1.782484052220446
115 1150 -0.7253551595747401 -0.27288745082920424 0.15573196885025684 0.5574533429458753 0.15697871012932904 0.37467042481930346 0.48508656763949143 0.5361535886700818 0.7339909939907855 0.9537689718777588 1.0079949064811957 1.2325090930487312 1.4667686543035294 1.782484052220446
116 1160 -0.7184196162699323 -0.2405789294114025 0.1496295307377408 0.5442419083159837 0.15697871012932904 0.37467042481930346 0.48508656763949143 0.5361535886700818 0.7339909939907855 0.9537689718777588 1.0079949064811957 1.2325090930487312 1.4667686543035294 1.782484052220446
117 1170 -0.7183755589515646 -0.23587182187471295 0.16236673303292776 0.5471780780178892 0.15697871012932904 0.37467042481930346 0.48508656763949143 0.5361535886700818 0.7339909939907855 0.9537689718777588 1.0079949064811957 1.2325090930487312 1.4667686543035294 1.782484052220446
118 1180 -0.7122256355398557 -0.2511782931697331 0.16591084274853596 0.5574405506258872 0.15697871012932904 0.37467042481930346 0.48508656763949143 0.5361535886700818 0.7339909939907855 0.9537689718777588 1.0079949064811957 1.2325090930487312 1.4667686543035294 1.782484052220446
119 1190 -0.7151252761319176 -0.2558073714132575 0.1683033659405318 0.5781194868549855 0.15697871012932904 0.37467042481930346 0.48508656763949143 0.5361535886700818 0.7339909939907855 0.9537689718777588 1.0079949064811957 1.2325090930487312 1.4667686543035294 1.782484052220446
120 1200 -0.7020632880641214 -0.2699856873530874 0.15155415578600762 0.5847620914573489 0.15697871012932904 0.37467042481930346 0.48508656763949143 0.5361535886700818 0.7339909939907855 0.9537689718777588 1.0079949064811957 1.2325090930487312 1.4667686543035294 1.782484052220446
121 1210 -0.6786681810469095 -0.298512983132751 0.17676372176101993 0.5566499842662421 0.12207184156392828 0.3993067707726032 0.46543883291160654 0.5258577158968298 0.7069669500189899 0.9122609209132136 1.078283082531944 1.2483819608445417 1.4641400960998685 1.7707660828786598
122 1220 -0.6922659245093313 -0.2860918995616953 0.1639308087258744 0.5491937186493026 0.12207184156392828 0.3993067707726032 0.46543883291160654 0.5258577158968298 0.7069669500189899 0.9122609209132136 1.078283082531944 1.2483819608445417 1.4641400960998685 1.7707660828786598
123 1230 -0.6934985584177203 -0.27308452384601056 0.17503707702817176 0.5553489460885209 0.12207184156392828 0.3993067707726032 0.46543883291160654 0.5258577158968298 0.7069669500189899 0.9122609209132136 1.078283082531944 1.2483819608445417 1.4641400960998685 1.7707660828786598
124 1240 -0.6898975762669494 -0.2581910605724024 0.17203365637999563 0.5678815332503687 0.12207184156392828 0.3993067707726032 0.46543883291160654 0.5258577158968298 0.7069669500189899 0.9122609209132136 1.078283082531944 1.2483819608445417 1.4641400960998685 1.7707660828786598
125 1250 -0.689552033319337 -0.2651344436167415 0.18418702880973897 0.5809846656196935 0.12207184156392828 0.3993067707726032 0.46543883291160654 0.5258577158968298 0.7069669500189899 0.9122609209132136 1.078283082531944 1.2483819608445417 1.4641400960998685 1.7707660828786598
126 1260 -0.702149952475935 -0.25369663031154865 0.18185502856079477 0.583594924232216 0.12207184156392828 0.3993067707726032 0.46543883291160654 0.5258577158968298 0.7069669500189899 0.9122609209132136 1.078283082531944 1.2483819608445417 1.4641400960998685 1.7707660828786598
127 1270 -0.7204497484779311 -0.26565642569862447 0.18073021535792028 0.6068022248103627 0.12207184156392828 0.3993067707726032 0.46543883291160654 0.5258577158968298 0.7069669500189899 0.9122609209132136 1.078283082531944 1.2483819608445417 1.4641400960998685 1.7707660828786598
128 1280 -0.7499580806369278 -0.2892915907208685 0.16088565858999865 0.567737532959009 0.12207184156392828 0.3993067707726032 0.46543883291160654 0.5258577158968298 0.7069669500189899 0.9122609209132136 1.078283082531944 1.2483819608445417 1.4641400960998685 1.7707660828786598
129 1290 -0.736612974785465 -0.2974664274594608 0.14508794435178646 0.5859814803764868 0.12207184156392828 0.3993067707726032 0.46543883291160654 0.5258577158968298 0.7069669500189899 0.9122609209132136 1.078283082531944 1.2483819608445417 1.4641400960998685 1.7707660828786598
130 1300 -0.7459107602983194 -0.29604486487803733 0.13621994295870096 0.5707123737309512 0.12207184156392828 0.3993067707726032 0.46543883291160654 0.5258577158968298 0.7069669500189899 0.9122609209132136 1.078283082531944 1.2483819608445417 1.4641400960998685 1.7707660828786598
131 1310 -0.7642667728786863 -0.2968533985347197 0.13612279346731898 0.5803054217003231 0.09270929215685439 0.3637162021983338 0.4689908605134889 0.5009948920412072 0.7736955693353569 0.9311278015977626 1.0408806882444486 1.1899390369364693 1.5172983664268003 1.7666299934749277
132 1320 -0.7556835245685843 -0.30631312341572015 0.13574747445396615 0.5789890348235592 0.09270929215685439 0.3637162021983338 0.4689908605134889 0.5009948920412072 0.7736955693353569 0.9311278015977626 1.0408806882444486 1.1899390369364693 1.5172983664268003 1.7666299934749277
133 1330 -0.7572448150153428 -0.3266156742101295 0.13975423888572455 0.5798064874026462 0.09270929215685439 0.3637162021983338 0.4689908605134889 0.5009948920412072 0.7736955693353569 0.9311278015977626 1.0408806882444486 1.1899390369364693 1.5172983664268003 1.7666299934749277
134 1340 -0.749318305164199 -0.3554704233803399 0.14284412014116996 0.5683359561938599 0.09270929215685439 0.3637162021983338 0.4689908605134889 0.5009948920412072 0.7736955693353569 0.9311278015977626 1.0408806882444486 1.1899390369364693 1.5172983664268003 1.7666299934749277
135 1350 -0.7510556505587395 -0.32406052593012136 0.167993390477127 0.5560569704989646 0.09270929215685439 0.3637162021983338 0.4689908605134889 0.5009948920412072 0.7736955693353569 0.9311278015977626 1.0408806882444486 1.1899390369364693 1.5172983664268003 1.7666299934749277
136 1360 -0.7508858758074717 -0.3360101663793069 0.15934391497404116 0.5585717445162443 0.09270929215685439 0.3637162021983338 0.4689908605134889 0.5009948920412072 0.7736955693353569 0.9311278015977626 1.0408806882444486 1.1899390369364693 1.5172983664268003 1.7666299934749277
137 1370 -0.75932488978441 -0.3436399798119313 0.16925486611458568 0.5859099911687042 0.09270929215685439 0.3637162021983338 0.4689908605134889 0.5009948920412072 0.7736955693353569 0.9311278015977626 1.0408806882444486 1.1899390369364693 1.5172983664268003 1.7666299934749277
138 1380 -0.754049164474348 -0.3494428966024089 0.1840643651163676 0.5884681473883816 0.09270929215685439 0.3637162021983338 0.4689908605134889 0.5009948920412072 0.7736955693353569 0.9311278015977626 1.0408806882444486 1.1899390369364693 1.5172983664268003 1.7666299934749277
139 1390 -0.7435433347283527 -0.33857123343521645 0.19654681701674653 0.6025579834071885 0.09270929215685439 0.3637162021983338 0.4689908605134889 0.5009948920412072 0.7736955693353569 0.9311278015977626 1.0408806882444486 1.1899390369364693 1.5172983664268003 1.7666299934749277
140 1400 -0.7509897249188735 -0.3361099170853027 0.16845443915625238 0.5835808990102842 0.09270929215685439 0.3637162021983338 0.4689908605134889 0.5009948920412072 0.7736955693353569 0.9311278015977626 1.0408806882444486 1.1899390369364693 1.5172983664268003 1.7666299934749277
141 1410 -0.7521341209232144 -0.33676543231608164 0.16874695411174426 0.5756599989988211 0.06352848119943152 0.35122869279373564 0.441482500414521 0.5082571211091191 0.6902204532574812 0.8391147712160489 0.9986848373770265 1.2426983430380398 1.6488492173774623 1.7258268299264687
142 1420 -0.7529125930006959 -0.3362546275075781 0.19881506320792836 0.5656142137064236 0.06352848119943152 0.35122869279373564 0.441482500414521 0.5082571211091191 0.6902204532574812 0.8391147712160489 0.9986848373770265 1.2426983430380398 1.6488492173774623 1.7258268299264687
143 1430 -0.7629000186212539 -0.34236678594884984 0.2020460437478672 0.5346245220941394 0.06352848119943152 0.35122869279373564 0.441482500414521 0.5082571211091191 0.6902204532574812 0.8391147712160489 0.9986848373770265 1.2426983430380398 1.6488492173774623 1.7258268299264687
144 1440 -0.7573794967005705 -0.3295340735741519 0.21492524531963544 0.5694963274572419 0.06352848119943152 0.35122869279373564 0.441482500414521 0.5082571211091191 0.6902204532574812 0.8391147712160489 0.9986848373770265 1.2426983430380398 1.6488492173774623 1.7258268299264687
145 1450 -0.7522956484147326 -0.32915010360060976 0.2390069547833679 0.578552620854824 0.06352848119943152 0.35122869279373564 0.441482500414521 0.5082571211091191 0.6902204532574812 0.8391147712160489 0.9986848373770265 1.2426983430380398 1.6488492173774623 1.7258268299264687
146 1460 -0.75208825676454 -0.33914638810093156 0.24498595359311753 0.5821827525264465 0.06352848119943152 0.35122869279373564 0.441482500414521 0.5082571211091191 0.6902204532574812 0.8391147712160489 0.9986848373770265 1.2426983430380398 1.6488492173774623 1.7258268299264687
147 1470 -0.7743720165414506 -0.32550077081921136 0.24308417513214903 0.568270540306767 0.06352848119943152 0.35122869279373564 0.441482500414521 0.5082571211091191 0.6902204532574812 0.8391147712160489 0.9986848373770265 1.2426983430380398 1.6488492173774623 1.7258268299264687
148 1480 -0.7721935892647491 -0.3253710661156012 0.2330071288596076 0.5689881594816942 0.06352848119943152 0.35122869279373564 0.441482500414521 0.5082571211091191 0.6902204532574812 0.8391147712160489 0.9986848373770265 1.2426983430380398 1.6488492173774623 1.7258268299264687
149 1490 -0.7875459749190402 -0.30762036561677275 0.2367211284354791 0.5353089177756948 0.06352848119943152 0.35122869279373564 0.441482500414521 0.5082571211091191 0.6902204532574812 0.8391147712160489 0.9986848373770265 1.2426983430380398 1.6488492173774623 1.7258268299264687
150 1500 -0.8015183767748099 -0.3137940009428379 0.23773404533521558 0.546299854498091 0.06352848119943152 0.35122869279373564 0.441482500414521 0.5082571211091191 0.6902204532574812 0.8391147712160489 0.9986848373770265 1.2426983430380398 1.6488492173774623 1.7258268299264687
150 1500 -0.8015183767748099 -0.3137940009428379 0.23773404533521558 0.546299854498091 0.06352848119943152 0.35122869279373564 0.441482500414521 0.5082571211091191 0.6902204532574812 0.8391147712160489 0.9986848373770265 1.2426983430380398 1.6488492173774623 1.7258268299264687
