% # columns="iteration, evaluation, sigma, max axis length,  min axis length, all principal axes lengths  (sorted square roots of eigenvalues of C)", seed=754736, Mon Jun 29 00:42:35 2026
1 10 0.992878427977987 1.0000450010125153 1.0 1.0 1.0000050000125 1.00001000005 1.0000150001125006 1.0000200002000015 1.0000250003125026 1.0000300004500045 1.0000350006125072 1.0000400008000108 1.0000450010125153
2 20 0.9832483469745652 1.097288282005787 0.9408015134730726 0.9408015134730726 0.9552136536357193 0.976991272283764 0.9911636465275644 0.999547482058116 1.0000656800367058 1.0014493927497286 1.0067849518457184 1.0189344472765753 1.097288282005787
3 30 0.9781273671472069 1.1454549444459008 0.9096588901913653 0.9096588901913653 0.9390465936634858 0.9410153132483511 0.957823355557353 0.9854804445518123 0.9929390790339542 1.0036456417975006 1.0122428586940773 1.0319275492433797 1.1454549444459008
4 40 0.9728628774399902 1.1541474094753017 0.8910100432857303 0.8910100432857303 0.9083093242941429 0.9283522897135272 0.9544135384804819 0.9744425167494415 0.9895807521511731 1.0043699717283883 1.0229771841970539 1.071810599963418 1.1541474094753017
5 50 1.023520575167267 1.2025915479991278 0.8662671564816026 0.8662671564816026 0.8971160348305615 0.9223817703033634 0.9306355738277154 0.9419990531242731 0.9724507970131614 1.0115125612393419 1.0225376893620786 1.058238823515662 1.2025915479991278
6 60 1.0229133958994134 1.2374822152023812 0.8316805378238487 0.8316805378238487 0.8680198217911469 0.9065556508826764 0.9291105243165427 0.9445347853578149 0.9766939315931374 1.0116897048461755 1.0246137812914007 1.1124498605940296 1.2374822152023812
7 70 1.0558859367405802 1.274765099833854 0.8270269826173784 0.8270269826173784 0.8642730574863622 0.9043056632865002 0.9223624049948268 0.9315301518696316 0.9665079719197532 0.9880513882462162 1.0253495163612074 1.108504345131413 1.274765099833854
8 80 1.0388071568721489 1.3010637629822737 0.7981836014462039 0.7981836014462039 0.8539824431548939 0.892879749191361 0.911117595800954 0.931738332255965 0.9633543049479552 0.984540113903508 1.0546820847483431 1.1033194501325618 1.3010637629822737
9 90 1.0097412780232837 1.28950955964186 0.782658861420352 0.782658861420352 0.8293590477080195 0.8860794507619056 0.9050917129544188 0.923657740829544 0.9607759051814343 0.9725776644818394 1.0581744099018027 1.1447291386257479 1.28950955964186
10 100 0.9661862561548463 1.264136866829013 0.7835272733717817 0.7835272733717817 0.8212043671853396 0.8571944050601356 0.8948200626105371 0.9123602718362318 0.9525880596938566 0.9875896638105002 1.0752617309831507 1.1526014936204392 1.264136866829013
11 110 0.8793993905299956 1.2675643577565021 0.7867332644314748 0.7867332644314748 0.8159336079483556 0.8246418505509884 0.8697509739117487 0.8958608460554703 0.9429086781495379 1.0083002970252788 1.0715160804669224 1.15515780101745 1.2675643577565021
12 120 0.837623644107693 1.2897139036530076 0.7416128567795244 0.7416128567795244 0.7994286272444536 0.8208706726853255 0.8688675026556257 0.8861859559952785 0.9283168044616299 1.0137823065117393 1.0730625258022772 1.1968564803734802 1.2897139036530076
13 130 0.7744021472440462 1.2946688079027406 0.7115829663212742 0.7115829663212742 0.796212456958273 0.8104160058915937 0.8552897595274173 0.8789865117795718 0.9326005609957074 1.005819129258744 1.0636399083140073 1.2351930847809294 1.2946688079027406
14 140 0.7237726155588077 1.2909000419738164 0.6942373758407748 0.6942373758407748 0.7819722811931363 0.7994581617227393 0.8311655701387334 0.8681971334545587 0.923484959463691 1.0114837027397034 1.04832344303259 1.2569316472608139 1.2909000419738164
15 150 0.6892693471334013 1.2861014297313726 0.679248842547688 0.679248842547688 0.7790847422508089 0.8116776845489101 0.8223533145205569 0.8464193730817539 0.9209340771102014 0.9997683159424892 1.0620629726022386 1.2523398774947356 1.2861014297313726
16 160 0.6849967104617394 1.2747640724310587 0.6686881433849968 0.6686881433849968 0.7614514292783711 0.7883818268880454 0.8122343173822207 0.8450237965608995 0.9045623590755547 1.008010986735488 1.0709475367298498 1.2541548703270766 1.2747640724310587
17 170 0.6571188800771789 1.2669590626204112 0.68211937320501 0.68211937320501 0.7434488968311842 0.7932589672818948 0.8115333853312119 0.8343578192578788 0.8961894863122382 1.0104037316509518 1.069872259064515 1.2169688320250631 1.2669590626204112
18 180 0.6171415841827688 1.274694738838757 0.6872474923406228 0.6872474923406228 0.7403063445213071 0.7719861760289665 0.8079002519191081 0.83764634095743 0.9022480016561071 0.9967252741349942 1.058050062080389 1.1916024820559654 1.274694738838757
19 190 0.583334207057583 1.2665112901766802 0.6694451051214299 0.6694451051214299 0.7229417306741125 0.7732767220573178 0.7966388568253504 0.8427358524533007 0.9098022794830021 0.9958471386310569 1.0245534532042555 1.1883202760070048 1.2665112901766802
20 200 0.5435270252749028 1.2221662258724213 0.669936790391634 0.669936790391634 0.7188335240360781 0.7699417262765641 0.7990099119290088 0.8528027441278714 0.938247237780645 0.9631650930203287 1.0160171311569988 1.1728542393148471 1.2221662258724213
21 210 0.5624410687328688 1.2487976196538375 0.6409346515344252 0.6409346515344252 0.7148876115486088 0.7575128206096249 0.790843327667287 0.8355933675412575 0.9316820897920539 0.9751666968451268 1.0118924404437724 1.1877517971415266 1.2487976196538375
22 220 0.5638811680818089 1.345778658828007 0.6282946841621188 0.6282946841621188 0.6952461140054473 0.7557602481837304 0.7903980880225348 0.8342086437847719 0.9058172274266896 0.9654620413627957 0.9955181023187045 1.1877985802012963 1.345778658828007
23 230 0.5559507806084668 1.325277124596038 0.6327294020872166 0.6327294020872166 0.6796276021629681 0.7484849349987613 0.7945291443550193 0.8079393683679559 0.8961449424051359 0.985977221043247 1.0154186987311895 1.199536845759077 1.325277124596038
24 240 0.49086767684428817 1.365068216428777 0.6284442220185432 0.6284442220185432 0.678832777582063 0.7374733792266571 0.787775534613832 0.8174298825012145 0.8941387648440104 0.9454277752149237 1.0144264072651938 1.2135756389114263 1.365068216428777
25 250 0.47257647928454644 1.3659731147213392 0.6297049188357505 0.6297049188357505 0.652260748013862 0.735247550221677 0.7767255825016731 0.800554873703245 0.897073741465729 0.9237370255565582 1.0104346708483487 1.1929041629203136 1.3659731147213392
26 260 0.47253799261209434 1.2945399802772413 0.6208244728724067 0.6208244728724067 0.6562739363952483 0.7193657443462225 0.7717290545351628 0.8302283333724777 0.8890872753095379 0.9228191812298356 1.0128951839487839 1.1779794447022278 1.2945399802772413
27 270 0.46888450195146053 1.2881557855353944 0.6108936127362438 0.6108936127362438 0.635957720900987 0.726260562664395 0.7687086496905623 0.8287233553308644 0.8762934291253409 0.9596592277177416 1.0213945621734573 1.165478415816876 1.2881557855353944
28 280 0.4632409121410712 1.2935994717929107 0.608036147173041 0.608036147173041 0.6174925510596496 0.7268034950215972 0.7742233278631703 0.8206628502674741 0.860894340443676 0.9598719188317328 1.0608863608571768 1.1601600737325224 1.2935994717929107
29 290 0.45600075207982516 1.2906546238915986 0.5845599440046888 0.5845599440046888 0.613398078512276 0.7156265304320155 0.7700300621906938 0.8165917906501231 0.9074942221629122 0.9904134891210323 1.070242044010565 1.1427343051351564 1.2906546238915986
30 300 0.4488184108923633 1.3151501004077544 0.5771988971419404 0.5771988971419404 0.6097174713551872 0.7164939094924054 0.7417267612820774 0.7755486452026266 0.9048257324230033 1.0016443932141488 1.092011612057246 1.1379239014695564 1.3151501004077544
31 310 0.42885428606722886 1.3329952762442658 0.5678722693654054 0.5678722693654054 0.6026899748668751 0.6944217584184028 0.7273030574032758 0.7723001960114382 0.9075928978685897 0.9935740657641159 1.0932743627992298 1.1357498351214899 1.3329952762442658
32 320 0.4031767339333425 1.3475374752253808 0.5636525148035436 0.5636525148035436 0.599725471298229 0.6765741868227314 0.725839050061029 0.7582566664727007 0.9033127729721092 0.9810905626188758 1.0677515395921924 1.134342265438258 1.3475374752253808
33 330 0.40150039003787236 1.3122525296469951 0.563066320940518 0.563066320940518 0.5948732085809479 0.6724289672515659 0.7175948266658969 0.7436825924327625 0.9121215564343814 0.9638853921495325 1.0763256868615976 1.1156089065452368 1.3122525296469951
34 340 0.364873023068327 1.3596611001942531 0.5532147058054071 0.5532147058054071 0.5953479412688589 0.6408488660231071 0.7225433221247942 0.7460640000320368 0.920147170464892 0.9617002937035639 1.0785013181395107 1.1140346622660966 1.3596611001942531
35 350 0.35763470945075426 1.3890608336096473 0.5350450233919161 0.5350450233919161 0.5890342279496874 0.6412542679873106 0.7117855499674238 0.7334990757089443 0.9015026113302806 0.938404804038113 1.0858977503942955 1.1035497069745852 1.3890608336096473
36 360 0.34665704091454536 1.42807986638394 0.5353522853963179 0.5353522853963179 0.5856719941502097 0.6340693255512807 0.6873135070011951 0.7409989728067543 0.8921493419017734 0.9245431196035662 1.0553210740228978 1.1283265992298404 1.42807986638394
37 370 0.3283734899720094 1.4354461054759633 0.5382267400205882 0.5382267400205882 0.5792331109462078 0.6266525066160047 0.6769852398207853 0.7389116815655612 0.8498224941873173 0.938537265048472 1.05336966057034 1.1177614054038632 1.4354461054759633
38 380 0.3100206622727328 1.494234541474235 0.5252944914174269 0.5252944914174269 0.5903060923042537 0.6207698468144558 0.6549591768583953 0.7161821385276768 0.8503357670099202 0.950717068287427 1.0402443260463572 1.1174036844126867 1.494234541474235
39 390 0.278580053085352 1.5062658125627342 0.5149140591776308 0.5149140591776308 0.5912154779501122 0.6209926311458593 0.6386211612424798 0.7245998981293313 0.8175457846360928 0.9270034893315208 1.0293884478191682 1.1266331449193245 1.5062658125627342
40 400 0.25934644376677957 1.505742429464622 0.509515741969216 0.509515741969216 0.5795069197785697 0.6145531006257703 0.6283207697866465 0.7097101240421511 0.8198826674346267 0.9268174170081678 1.0047711693390107 1.106672195913885 1.505742429464622
41 410 0.235916696170608 1.4757997786514445 0.49988245938128073 0.49988245938128073 0.5619195409039514 0.605386078177083 0.637335027252586 0.7082302220933976 0.8189565682699923 0.9142624851470501 1.005566213369961 1.0909825820756414 1.4757997786514445
42 420 0.21917600177267296 1.468854273656975 0.497218219262765 0.497218219262765 0.5518576639464453 0.5981935723673252 0.643529839767544 0.6983696299241917 0.8262716565839091 0.9162047235183319 0.9812768735782496 1.0604503771210192 1.468854273656975
43 430 0.22867840978017848 1.4117758843770014 0.5003162303166229 0.5003162303166229 0.545456115132718 0.5947548825630128 0.6394048352685552 0.7010330022781591 0.8297976044959654 0.894095379176103 0.9700442028061154 1.0524586589769949 1.4117758843770014
44 440 0.23690826893071523 1.4183127147181298 0.5067352051521361 0.5067352051521361 0.521406659551552 0.5799753420706445 0.6438067744741608 0.6829215608149631 0.8159046975703812 0.901242424823998 0.9842865463713211 1.0842646600322419 1.4183127147181298
45 450 0.24047565837508816 1.433372921820827 0.49857191060524636 0.49857191060524636 0.5080014959775289 0.5970936842106531 0.6377277591827624 0.6734149578762042 0.8147779520927905 0.9274707710083606 0.9793060169313859 1.0531295339001683 1.433372921820827
46 460 0.2312308678564519 1.4324254092804531 0.49451578831327697 0.49451578831327697 0.5166115876759533 0.5747465712056243 0.6385154927891551 0.6756252467172268 0.7986314251313356 0.9262982969906529 0.9978421516264522 1.060684009277615 1.4324254092804531
47 470 0.21766786649200945 1.4352862084534121 0.49241439378239454 0.49241439378239454 0.5077541047236217 0.5758612250884567 0.6465869157925849 0.6811547298261162 0.7465345332940084 0.8987660166321665 1.0020062816264912 1.0593243711187044 1.4352862084534121
48 480 0.19277350201095536 1.4501034952989909 0.4808536181029319 0.4808536181029319 0.49844736238062276 0.5723147644930215 0.6442573700675038 0.6914374735135026 0.7434060903194545 0.9008854139147671 0.9747399841697142 1.0639348320566866 1.4501034952989909
49 490 0.17425135546214443 1.4382301897973688 0.4768141306240287 0.4768141306240287 0.4987506641561863 0.5450247023604002 0.6381798925543782 0.6907002603498426 0.7469121584682082 0.8701458722371964 0.9744368307682625 1.0624539408832758 1.4382301897973688
50 500 0.17476713429891794 1.4462412115889889 0.4731393937839741 0.4731393937839741 0.49632336034305335 0.541862809458555 0.6288984817565062 0.678495222720119 0.7507521142791616 0.853106267828669 0.9627088114843831 1.026336413657151 1.4462412115889889
51 510 0.1752320415934667 1.4228625862036663 0.4687682187192541 0.4687682187192541 0.5020777718418018 0.5436826881622667 0.6303237356859474 0.6705561941621837 0.7445473337551732 0.8459372781615886 0.9669101373556392 1.0166212333265614 1.4228625862036663
52 520 0.18036476277953362 1.3993510821432467 0.455323226240001 0.455323226240001 0.49358434822877784 0.5351271322753066 0.6354656444889442 0.6876910901763869 0.7657921293088363 0.8609800706807015 0.9737646427995871 1.0221692935676188 1.3993510821432467
53 530 0.15627512585848727 1.3957613559608193 0.4344865167494378 0.4344865167494378 0.49462000296700626 0.5334493146877334 0.6377538270290622 0.6784135373405705 0.7676713052495692 0.8721854999704189 0.9969537506243614 1.0071621456100706 1.3957613559608193
54 540 0.15830677285208905 1.3930351511883108 0.4268651129390678 0.4268651129390678 0.49449571670713505 0.5325149829365055 0.631899218902037 0.6693028441831237 0.7638648983038879 0.8393340963091275 0.9859591749808599 1.011458296059052 1.3930351511883108
55 550 0.15535222622764522 1.393274094337464 0.43046060198559966 0.43046060198559966 0.49631753034023385 0.5253843111811917 0.6239762450837856 0.6682025745340155 0.7623968243879734 0.8938052079867002 0.9549969743986724 0.9964352370065211 1.393274094337464
56 560 0.15534885145356034 1.4119683889273733 0.4216847058441458 0.4216847058441458 0.4977996001860608 0.5210276238542703 0.617092001177461 0.6441512245654932 0.7899158592237907 0.9014061974934082 0.92864260022136 0.9897823114786386 1.4119683889273733
57 570 0.15904116702849072 1.4099438698833313 0.40229429908490827 0.40229429908490827 0.4911307356153988 0.5222899551061203 0.6068358007272002 0.6552662440062433 0.7785352949436682 0.8900990347122213 0.9317698444695429 0.9917581007268477 1.4099438698833313
58 580 0.16390528496750173 1.4095140727331978 0.39557064554748617 0.39557064554748617 0.47978627089573156 0.5211221147641002 0.5992954599141481 0.6512103502517362 0.7288496013437324 0.9147300993678553 0.9407353329049309 1.0248621356561132 1.4095140727331978
59 590 0.1609443602991004 1.4189372047510254 0.3746871561876154 0.3746871561876154 0.4779211073293026 0.5203651007671489 0.58583789351016 0.66413820357098 0.7290332988935566 0.900262780194562 0.9366532519499736 1.0433747507755642 1.4189372047510254
60 600 0.15981192958770452 1.3997815343560238 0.36955355004509477 0.36955355004509477 0.4576106077744963 0.5130046808993077 0.5832980514439483 0.6635452222450618 0.7245334708865483 0.8962370051564129 0.9362503201585051 1.098909544140979 1.3997815343560238
61 610 0.16117424889431856 1.3774432269618286 0.3605176663924722 0.3605176663924722 0.4587246604860897 0.49536195639053593 0.5855161876851626 0.6509188212795863 0.7342848204625861 0.8846687945995406 0.9349753568696098 1.1338886704497464 1.3774432269618286
62 620 0.15656269529366085 1.364763497538986 0.3501443927803317 0.3501443927803317 0.45517960056741924 0.49486417345548567 0.5924805793142831 0.6510664261767745 0.7366724037389103 0.8843742881918849 0.9114015610961367 1.1445064609577231 1.364763497538986
63 630 0.1463018038241454 1.344753386805129 0.35078484437203133 0.35078484437203133 0.4391293943789517 0.4877143470838986 0.594300596507064 0.651820973653024 0.7106366437555326 0.8905918238457173 0.9379197539524339 1.1406983129048172 1.344753386805129
64 640 0.12653638717160295 1.3483232126580005 0.34768168589069637 0.34768168589069637 0.44021781245992064 0.46979515801881827 0.5885830147079494 0.6467130637652073 0.6969536480485838 0.862696478354925 0.9448439569190861 1.1204059629590284 1.3483232126580005
65 650 0.1137717957493999 1.3415076216438615 0.34720142459331926 0.34720142459331926 0.4362342738909943 0.47222709378009237 0.5675607895301569 0.6528058684535889 0.6924646473841422 0.8596526159891414 0.9214305060802226 1.0893171789607161 1.3415076216438615
66 660 0.11131105218077626 1.3253317318518762 0.35244655792089363 0.35244655792089363 0.4200979593338887 0.45828149755625724 0.5627567145156557 0.6504778406537797 0.6772807158660366 0.8622993666294765 0.9290580992984454 1.081575653922272 1.3253317318518762
67 670 0.10449495032041409 1.3413157623216871 0.35576037119745885 0.35576037119745885 0.4142740186580827 0.4373274749116084 0.5646548884138171 0.6348501163903566 0.670440346690849 0.8436418058145413 0.9560597176341454 1.0996960972259207 1.3413157623216871
68 680 0.09388369943135033 1.3188974170535948 0.34805270614187706 0.34805270614187706 0.41016071407433397 0.42948813519062773 0.5563176622726425 0.613296491722086 0.6762213320902768 0.8542639047554637 0.9503101650106364 1.1020029481276359 1.3188974170535948
69 690 0.08450456680389652 1.3199211026896558 0.34677393122239825 0.34677393122239825 0.4050072796777619 0.4148839283247599 0.5415987948825757 0.6154641995590907 0.6518979285389914 0.8591178201790339 0.9431419396926491 1.0909584819270797 1.3199211026896558
70 700 0.0767084982921989 1.3213170133755339 0.3336524252225235 0.3336524252225235 0.3941755625792901 0.41508618078593734 0.5346778909412718 0.6116366798089183 0.6669790321835799 0.8308659605290923 0.9305318360212836 1.1054937106473992 1.3213170133755339
71 710 0.07516537942863445 1.2772707502494405 0.3324896267913836 0.3324896267913836 0.379999602378326 0.40960508245201654 0.5351567006247965 0.6030691763197148 0.6597467941020096 0.8241330737901151 0.940113715461036 1.1076395043034553 1.2772707502494405
72 720 0.07160787245693387 1.2738152522114488 0.3248200700137798 0.3248200700137798 0.3788528683066015 0.40433919086576503 0.5331757509150088 0.6075288116475007 0.6621650634735564 0.8350116884488714 0.9226729760363038 1.141925518621521 1.2738152522114488
73 730 0.07256468662234711 1.2462048261942864 0.32070421643714286 0.32070421643714286 0.3642224142266983 0.3991469291282189 0.5289339983379664 0.6055594004377547 0.6534621122926524 0.8382155871865942 0.9447629896716865 1.1501008806344404 1.2462048261942864
74 740 0.07852438612082244 1.290869048068026 0.31560450455918476 0.31560450455918476 0.3548033488659999 0.39735180020233746 0.5115492464529521 0.6197975238800703 0.6532733797474892 0.8316820863143257 0.941063758503795 1.143908414472437 1.290869048068026
75 750 0.07930378501522903 1.319708489188614 0.3118562085207923 0.3118562085207923 0.3562810232015982 0.3847950221641984 0.49354382809016273 0.6252741906560872 0.6684012441346042 0.8566374321499395 0.9501477174913239 1.1444371700032152 1.319708489188614
76 760 0.07434421125981806 1.339241145685083 0.31014979172796725 0.31014979172796725 0.3493178998469973 0.3649340718600663 0.49492465171596717 0.6273074143660392 0.6715611852900734 0.8601517197739633 0.9652548815623386 1.1189534464511555 1.339241145685083
77 770 0.07805090456120554 1.3474951261690482 0.30748584567471676 0.30748584567471676 0.34499700967686736 0.35014694500451254 0.49467672820711817 0.6264645407730219 0.6714539431449834 0.8273212693090645 0.9837649471624489 1.1089653543448315 1.3474951261690482
78 780 0.08380369148702052 1.3486898393179032 0.29011461917150955 0.29011461917150955 0.33986435439881046 0.3460120425993026 0.4742414062375251 0.6485885694165759 0.720084504382345 0.8475639250599328 0.9818181096709779 1.1227335406522447 1.3486898393179032
79 790 0.08627021249660226 1.3247017656102988 0.2870911450945568 0.2870911450945568 0.328452641262356 0.3480238729971282 0.46357627412356506 0.6695188083733341 0.7376702525408262 0.8466005253137913 0.9773000550791219 1.1495238088889796 1.3247017656102988
80 800 0.08602442974178616 1.3237624065330913 0.2574620806439048 0.2574620806439048 0.32620912159506144 0.34620965708306095 0.4688741498670797 0.6568114590380992 0.7479951706638197 0.8592245432534478 0.9893653123300395 1.1894377929143893 1.3237624065330913
81 810 0.0813746380923126 1.299363887729933 0.256315958331759 0.256315958331759 0.3266357372645305 0.34373862866672594 0.4627637069197061 0.6282459153322408 0.781565057243537 0.855612905031429 0.9720636376093313 1.2030869047682868 1.299363887729933
82 820 0.07843842712819497 1.3037519611721249 0.2483412531786532 0.2483412531786532 0.3210524501041121 0.34024557581484205 0.45028037821631395 0.6201316008616556 0.794211321882772 0.8531287882031973 0.9771033876096853 1.1823218850936306 1.3037519611721249
83 830 0.07524536979523949 1.2922188949634024 0.23510817733501668 0.23510817733501668 0.31422954170747436 0.33851104736468884 0.4407326731489991 0.6224187269529866 0.8226529938973507 0.8477185928717834 0.9721388549409958 1.1714582495300618 1.2922188949634024
84 840 0.06849326022640823 1.2695210436463413 0.23171569166271402 0.23171569166271402 0.3151669330665866 0.33450475654998313 0.4268137019319149 0.6133865700189508 0.8348785262631941 0.8677173122186955 0.9680398119112502 1.1510725597707776 1.2695210436463413
85 850 0.059082087013194104 1.277805027363594 0.23407899521545644 0.23407899521545644 0.2966292396309338 0.3248756691560063 0.42011202198554937 0.6253084489756713 0.8197716378736466 0.8826917456581266 0.9551714669167903 1.135698828312645 1.277805027363594
86 860 0.05177511234569496 1.2841987294887713 0.23246051496320447 0.23246051496320447 0.29064583010387113 0.3176689056327138 0.4169424661500716 0.6087996274609445 0.808586794986377 0.8787083493437986 0.9238289708823674 1.1535982782019998 1.2841987294887713
87 870 0.0460782678395901 1.2751199194038028 0.22619779386955458 0.22619779386955458 0.28646098622810856 0.3113612927370413 0.4019919771333121 0.6138127511608025 0.7996373189147763 0.8771852988444966 0.9299891852219835 1.1437290932885333 1.2751199194038028
88 880 0.04386385845893586 1.2778106049702223 0.2237771853143253 0.2237771853143253 0.28469912525306923 0.3110777456125055 0.4045757553639646 0.602716431767665 0.8121580444795379 0.8736082122794283 0.9257389530522762 1.1312466087412054 1.2778106049702223
89 890 0.04181356356080211 1.2792642491858757 0.21622445342159274 0.21622445342159274 0.2877449022740307 0.30629549007711193 0.41089870900063447 0.5875655137763373 0.7877310973709153 0.8648536615728927 0.9222617480295346 1.140833851062301 1.2792642491858757
90 900 0.04067203663375774 1.304265695261856 0.205934701107135 0.205934701107135 0.2843792454928013 0.3060513197704192 0.4095679130718384 0.5869698348064618 0.7760374528584938 0.8716933289224336 0.915346088811438 1.1410997375838154 1.304265695261856
91 910 0.03956512957892626 1.307693392521512 0.1966717995824966 0.1966717995824966 0.2810997973211301 0.29672491261488537 0.40741638040088024 0.5934900980170328 0.7661729795836864 0.867193323919051 0.9147536533942099 1.1695948878998177 1.307693392521512
92 920 0.03645018588451344 1.3104988683726437 0.19262950879334692 0.19262950879334692 0.27995183836793097 0.2895350019837463 0.4071354753128781 0.5972624243550011 0.7401504733905928 0.8573584659921194 0.9003311857601797 1.1927953255858537 1.3104988683726437
93 930 0.03586547845014419 1.3092750657794876 0.1877471391948385 0.1877471391948385 0.28123990088223183 0.2838628912035676 0.39772786262515025 0.5877562642033486 0.7615812782031438 0.8229066645999155 0.8979272200642154 1.1971743022601817 1.3092750657794876
94 940 0.03473030160970699 1.3596528776361452 0.17593029304232946 0.17593029304232946 0.27979190306878954 0.27989544584092024 0.4032491920868865 0.5849999734672613 0.7702426017471145 0.7919082375898966 0.8748637922877491 1.20144940083785 1.3596528776361452
95 950 0.03211410245231551 1.4052765285633977 0.1661353229127308 0.1661353229127308 0.2776552184568962 0.2850586546318225 0.40106263036635675 0.5883817333919351 0.773709346701386 0.7933955708731535 0.872623711726618 1.2028171457233905 1.4052765285633977
96 960 0.032444522614312826 1.4095096877844977 0.15989810312461478 0.15989810312461478 0.27619727421482315 0.28361217997294713 0.3931230253758654 0.5851155875485423 0.7700526830114487 0.7858796613454501 0.881201915302715 1.2172949985261845 1.4095096877844977
97 970 0.032090831485402586 1.3967418556426328 0.15456398565743015 0.15456398565743015 0.2680889427910402 0.2816546566942414 0.3965579137652346 0.5900078882068586 0.7664219092185922 0.786945485906429 0.8768309498838983 1.2739649271703062 1.3967418556426328
98 980 0.03382951340705302 1.3661003845536244 0.14931472249151723 0.14931472249151723 0.26352032900555455 0.28630307285742845 0.3890835163884853 0.6180312438030983 0.7620977705131803 0.7996593306113375 0.8450011027625876 1.2864504465861875 1.3661003845536244
99 990 0.03338796915893323 1.341122814289899 0.14891205554874323 0.14891205554874323 0.2571618544895637 0.30117548867788596 0.39519424131242326 0.6190084968072657 0.7351510981846046 0.8311302220615691 0.8363465228141691 1.2691937248500487 1.341122814289899
100 1000 0.03392122479005866 1.3431980775307089 0.14202566880963857 0.14202566880963857 0.2514789377751821 0.2991437351495656 0.3861009394424519 0.6288130838648865 0.7275478142285206 0.8344451889391515 0.8488780906354245 1.2805469936971479 1.3431980775307089
101 1010 0.03579089544331433 1.359817144700274 0.14002541390675557 0.14002541390675557 0.24223674141266754 0.29262763811829434 0.3783283946693207 0.6239535655736899 0.7401951971632674 0.832502542521672 0.8678236285770811 1.2829393586006241 1.359817144700274
102 1020 0.03494500146364991 1.3460077327210667 0.13251780857636802 0.13251780857636802 0.24284609578242208 0.29064655467901657 0.3773663339757712 0.6262257646880465 0.733495478835562 0.8432504690103414 0.9341140950590697 1.252180993625743 1.3460077327210667
103 1030 0.03356697478246555 1.3533258159255706 0.13240052608349892 0.13240052608349892 0.24013903180969948 0.2877252717881083 0.3748312398171581 0.6202197033803635 0.7362836649048202 0.8443481089324801 0.9320668596277544 1.2611339409144893 1.3533258159255706
104 1040 0.030908702582283506 1.3698531827436822 0.12415421923570037 0.12415421923570037 0.23927203615291512 0.27939294432545786 0.3761905351809945 0.6191656666831606 0.7397994416079985 0.8309415648874325 0.9498940158408504 1.2747815916941192 1.3698531827436822
105 1050 0.029648832591250687 1.3687535607370456 0.11984808346672496 0.11984808346672496 0.23897726298926183 0.2781384856763201 0.3732695756563407 0.6182619360462105 0.7280141583836091 0.8242669526449796 0.961936069485159 1.198891729904311 1.3687535607370456
106 1060 0.02856845735214025 1.390517637239336 0.11305044357618267 0.11305044357618267 0.23483717955782266 0.280316010188604 0.36426644322731333 0.6187200436228281 0.7062802840460196 0.8186416892514384 0.9739793671925312 1.208432207720205 1.390517637239336
107 1070 0.02588361948417645 1.3656128975558413 0.10827044133564628 0.10827044133564628 0.2365660761983173 0.28113536510325654 0.3634866156727499 0.6190185539233192 0.7026631262436804 0.8088633680724382 0.9650030624902163 1.2414845390903821 1.3656128975558413
108 1080 0.025174530609990847 1.3679922329973824 0.10491559100703794 0.10491559100703794 0.24170511797452762 0.2740734527305715 0.36070554783384695 0.6113787194532428 0.6701765205198079 0.8059143954727738 0.970027239202313 1.2492289577110165 1.3679922329973824
109 1090 0.023991390731871936 1.3599378053771534 0.1047500306475309 0.1047500306475309 0.23264732267291566 0.26816676697730596 0.36221301735837436 0.6151964263722913 0.6880401492119925 0.810429075703084 0.9454240244336596 1.2585296080324488 1.3599378053771534
110 1100 0.021888593705639052 1.3913505417765728 0.09993709841335963 0.09993709841335963 0.23315513859006737 0.2668642288886628 0.3593335499090434 0.6145249838730248 0.6781403204492423 0.7820500504940442 0.937676277701789 1.2731561586013436 1.3913505417765728
111 1110 0.022375881437537208 1.391353430300875 0.09855701951638789 0.09855701951638789 0.22510664207069292 0.26570904547437024 0.3515066059587422 0.6154049745373552 0.6873291755621581 0.7637793145021945 0.9468041979214399 1.258757267431237 1.391353430300875
112 1120 0.022779822575329747 1.382259172096749 0.09717409696650067 0.09717409696650067 0.22216826483693458 0.2685183442370049 0.36308300655062814 0.6082954776743227 0.6845177143124126 0.7256756451605826 0.9561072402572792 1.2753039022962 1.382259172096749
113 1130 0.024025416861796395 1.3655595516585395 0.09485396085994108 0.09485396085994108 0.22908588176001685 0.25916713187675217 0.3713352214454184 0.6078232267057785 0.6839056338632127 0.7141580761325749 1.0149896871903987 1.268749227170553 1.3655595516585395
114 1140 0.023969109107857097 1.3409105195325903 0.09488980006175349 0.09488980006175349 0.2235014033483615 0.2646082355404114 0.36932158365516254 0.5908578179271035 0.6867872231165362 0.7127864637020681 1.0517976544382197 1.2526450321167955 1.3409105195325903
115 1150 0.025678495025386563 1.296225749498229 0.09418641299312651 0.09418641299312651 0.21885070150515232 0.26331304046757986 0.3647631692725165 0.5961520535563979 0.6968558177470887 0.7146544360140085 1.0761022871658488 1.2291425617709935 1.296225749498229
116 1160 0.023599736129869573 1.331819465848878 0.0911090725839445 0.0911090725839445 0.22294023931338403 0.2610311684124649 0.36513177541373965 0.6054664737517776 0.7066550544313935 0.722279407467208 1.1308581077541129 1.2232649978264767 1.331819465848878
117 1170 0.021439743396449756 1.312287635046534 0.08916286014535907 0.08916286014535907 0.21648028923421864 0.25960856544085636 0.36718550312930026 0.6006365234101663 0.7072176389926018 0.7189734254333809 1.0701013109473763 1.2421749211243558 1.312287635046534
118 1180 0.025068282439645324 1.3211222166411087 0.08058820961690447 0.08058820961690447 0.2129956464816731 0.2574640740055375 0.3711591515807442 0.6085446788977222 0.706930453663315 0.7113283693440152 1.0540906108153532 1.2416938639507271 1.3211222166411087
119 1190 0.025629212207348116 1.3158869989133868 0.07953976334475801 0.07953976334475801 0.21470090297093977 0.26512346149380683 0.3749231284612672 0.5786049090662414 0.707484450328998 0.7477294548403609 1.0528707058967044 1.2432502065914937 1.3158869989133868
120 1200 0.025306352401225998 1.3207670739386081 0.07706963078902275 0.07706963078902275 0.20582159433439354 0.26501046882406865 0.37260419570777314 0.5688605473647579 0.7074173791624654 0.75024481227767 1.044840064007536 1.2588534864125411 1.3207670739386081
121 1210 0.02404718432973472 1.3104677725107154 0.0745473717686208 0.0745473717686208 0.2037162064450036 0.26160903486428544 0.3704019885991416 0.5671882120967306 0.7140460459079936 0.7547150591272341 1.0417955752419554 1.2651611153123015 1.3104677725107154
122 1220 0.0223723681672793 1.34834308801844 0.07078387531186628 0.07078387531186628 0.20144283385650436 0.2607967432913972 0.36703469218793466 0.5647128111054063 0.7235157172881068 0.7496963068690765 1.052310931893619 1.2573061383614925 1.34834308801844
123 1230 0.020630310112206365 1.3523391134105822 0.06915910831880412 0.06915910831880412 0.1984347756556827 0.25784851314890705 0.36697217061768617 0.5674290051833653 0.710908777707902 0.7391719496730162 1.0095741372141882 1.263369337588094 1.3523391134105822
124 1240 0.018145753133541328 1.3148411890155398 0.06543036616488478 0.06543036616488478 0.19780456435762453 0.25771173824698723 0.36165050133964083 0.5735138599059637 0.709038243386659 0.7372578481273548 0.9949000480992876 1.2731501466416348 1.3148411890155398
125 1250 0.015500183617687022 1.3336337891527064 0.06318415919852993 0.06318415919852993 0.19815051447247825 0.25336472033628954 0.3566450021767591 0.5713247174157312 0.704310170956447 0.7334270785301669 0.9613671644639372 1.2662112039292437 1.3336337891527064
126 1260 0.014029796335869562 1.3478523101339608 0.060448395622396484 0.060448395622396484 0.19796560549298725 0.24582444151599214 0.3534906246542159 0.5759876957576863 0.7015661661717814 0.7299579666070947 0.9534149175510189 1.2474686131342905 1.3478523101339608
127 1270 0.013666445553278898 1.3404443210613137 0.059053866091408315 0.059053866091408315 0.1929529625479194 0.24423515108652882 0.34895993547177984 0.5752158109051035 0.7052366723237057 0.725486338953951 0.9491286093788466 1.217674320783526 1.3404443210613137
128 1280 0.01385242028999466 1.3723178166377388 0.05722866972261645 0.05722866972261645 0.18960288627219243 0.24376120865184944 0.3420025287032255 0.5924125388664684 0.6940443786311837 0.7340621549340748 0.9440100646810031 1.2296616838614587 1.3723178166377388
129 1290 0.012272659023319579 1.4252557165331208 0.056772311576248825 0.056772311576248825 0.1879450579793428 0.24881610490529235 0.322801895622667 0.5994411060485968 0.6688648920685724 0.7311662390811859 0.9759336788115608 1.2465168952260735 1.4252557165331208
130 1300 0.011836985282183847 1.4287124789418624 0.05619640453286067 0.05619640453286067 0.18804166276055623 0.2385262954730197 0.3242845625688899 0.5910161938712365 0.6753202237996758 0.7314907314379199 0.9662652751392485 1.189746009451391 1.4287124789418624
131 1310 0.011854343982908215 1.3804047912226647 0.05471067651802261 0.05471067651802261 0.19581122753923758 0.2429069376897058 0.3219238958250857 0.5805064164762052 0.6692588581239555 0.7371398222654187 0.9496974925947119 1.1806222275933835 1.3804047912226647
132 1320 0.011917365590819282 1.370455089231221 0.051601972058136686 0.051601972058136686 0.19703870163814718 0.24462615278392977 0.3226654095151524 0.5799534770775958 0.6656909619207443 0.7229251257260101 0.9425552138835634 1.1955672951306868 1.370455089231221
133 1330 0.012308107795214162 1.3689432506507901 0.049810849600846425 0.049810849600846425 0.19686769485527583 0.24410884484914736 0.32379671638552265 0.5773435572656315 0.6515674136675986 0.7263941330173972 0.9510835259208503 1.1897199787766803 1.3689432506507901
134 1340 0.013161871834776554 1.374329609857349 0.04894165265905799 0.04894165265905799 0.1931969000232584 0.2437307307707658 0.31982675230472 0.5714171618563978 0.6490776465779308 0.7376365885864856 0.9776206070243345 1.1735743220121364 1.374329609857349
135 1350 0.014692134059654588 1.4300138983859572 0.046244647186821294 0.046244647186821294 0.1908151070292038 0.24898582748748907 0.3215985497543733 0.5647908250634119 0.6507395163627401 0.7347123976471396 1.0292753773604666 1.148529693305571 1.4300138983859572
136 1360 0.01379773620654472 1.4777540790649422 0.044326710168672775 0.044326710168672775 0.18620187477207012 0.24421433037021353 0.3229669025281179 0.5677557890367895 0.6568253643879782 0.7191808010879089 1.0822832165219902 1.158572588605996 1.4777540790649422
137 1370 0.013517796742609833 1.4829282702382796 0.04270825979313298 0.04270825979313298 0.1846548582533382 0.23821919163752014 0.3258385776755229 0.564126601059994 0.6526460735884598 0.7164393018451625 1.0699424545627256 1.1413819941192573 1.4829282702382796
138 1380 0.012893695184077845 1.5214518703872264 0.040641307328985944 0.040641307328985944 0.18183073354974175 0.23932765031327705 0.3170919348032311 0.5703960207180826 0.6424077931265705 0.700543832728103 1.071895083435795 1.1694019907803792 1.5214518703872264
139 1390 0.01144604474895769 1.522675929501443 0.03993578469910474 0.03993578469910474 0.17692851243542562 0.23237520140741832 0.3234495769889621 0.5635621868408462 0.6464742353382423 0.7086691325713481 1.0403374501652625 1.1742632772675472 1.522675929501443
140 1400 0.01087738330167871 1.4771788984932306 0.03853526458538015 0.03853526458538015 0.17496445800501814 0.22655184445309165 0.3253728512448829 0.5541693877493185 0.6473084499520428 0.7130854974190546 1.0224932061072631 1.1806467634963518 1.4771788984932306
141 1410 0.01101483057329522 1.5139032161962418 0.03630193998154503 0.03630193998154503 0.1743077944763202 0.22863398899669113 0.3216094702940855 0.5466551361245262 0.637027319426212 0.7114016956188451 1.009619737025766 1.1674186890686744 1.5139032161962418
142 1420 0.011082417953200665 1.5790351699966265 0.03559332121372764 0.03559332121372764 0.17245695035519026 0.2256426350594839 0.3335829537376691 0.5416955630979723 0.6097371367926833 0.7020700040577349 1.007073944390736 1.1679803293842073 1.5790351699966265
143 1430 0.010779943872954945 1.5655305554078043 0.03547680582990461 0.03547680582990461 0.1697835364745404 0.2290639888146667 0.3329461832000623 0.5387024100825141 0.6199138156806033 0.7105038486733171 0.9984814382617149 1.1550599595918893 1.5655305554078043
144 1440 0.011232577488344995 1.5635447629491097 0.03462190688521215 0.03462190688521215 0.16865011537241967 0.22359676708544338 0.3314423514044088 0.525392797288606 0.6235006484356064 0.7154390945792547 1.0348873856759688 1.1151463090075338 1.5635447629491097
145 1450 0.011175491109814497 1.6564923912697649 0.03354135285602524 0.03354135285602524 0.16900069803400689 0.22099055094834164 0.33035567391525944 0.5215463122278262 0.6262549559509729 0.7237986295264309 1.0038600904648323 1.1086193700309905 1.6564923912697649
146 1460 0.009839448243922605 1.6532185535244135 0.03299779201965847 0.03299779201965847 0.16724319402956606 0.2161677721887635 0.32992572375645546 0.5226132600905307 0.6301773560383978 0.7379517080294394 0.9989271955264705 1.101961491949765 1.6532185535244135
147 1470 0.009053772076655668 1.64941218807945 0.032049083963963165 0.032049083963963165 0.16547384420013386 0.21182623777296009 0.32109016712653937 0.5347023270769561 0.6266993019367273 0.7334833878698602 0.9956182756508891 1.094918228058803 1.64941218807945
148 1480 0.00892201847459972 1.646587087683182 0.03170695796019103 0.03170695796019103 0.1630407543945373 0.21178842223800085 0.31832871092512394 0.5248814789965943 0.6103039449450185 0.7326326180918347 0.9768608303090484 1.0873749993905957 1.646587087683182
149 1490 0.009263846670555007 1.634226207543108 0.03100019915312473 0.03100019915312473 0.1621034081562323 0.2245989431219487 0.31648629056566163 0.5063011573172106 0.6108952084844327 0.7102313266695837 0.9871734197694156 1.0918956520905498 1.634226207543108
150 1500 0.009432057823101001 1.6219800312492283 0.029898444390866495 0.029898444390866495 0.16382505723941915 0.22268347533534827 0.3139326025502312 0.5142165210015246 0.5976229023562054 0.7440997146142243 0.9830348098669716 1.0814101470157798 1.6219800312492283
150 1500 0.009432057823101001 1.6219800312492283 0.029898444390866495 0.029898444390866495 0.16382505723941915 0.22268347533534827 0.3139326025502312 0.5142165210015246 0.5976229023562054 0.7440997146142243 0.9830348098669716 1.0814101470157798 1.6219800312492283
