% # columns="iteration, evaluation, sigma, axis ratio, bestever, best, median, worst objective function value, interquartile range, 25%tile, current best feasible f-value, elapsed wallclock time [s], further/more values", seed=754736, Mon Jun 29 00:42:35 2026, <python>{}</python>
1 10 0.992878427977987 1.0000450010125153 192.17654357280477 1.9217654357280477e+02 3118.027516949314 15994.71427046107 5578.921094874003 1051.624878874257 nan 0.3   
2 20 0.9832483469745652 1.166333457473964 192.17654357280477 6.3247631850886580e+02 1628.6125763905757 815099.6796805036 5096.154938403868 830.8648791791395 nan 0.4   
3 30 0.9781273671472069 1.2592137083439388 60.50073794465768 6.0500737944657679e+01 2533.355979940757 5182.25108912689 2713.9998723940407 429.5968449608846 nan 0.5   
4 40 0.9728628774399902 1.2953248037690055 60.50073794465768 1.8257801581866210e+02 1233.8764004389757 8673.622276229817 3057.9880513458816 446.1775535564761 nan 0.6   
5 50 1.023520575167267 1.388245576438021 60.50073794465768 1.0566717079000903e+03 8283.132937552446 104372.5055319472 28753.78834830306 1762.3156114442038 nan 0.7   
6 60 1.0229133958994134 1.4879297505750724 60.50073794465768 4.3582865303176038e+02 3418.4292210110875 1000000064.0026382 4878.940590007089 1913.4279861640584 nan 0.9   
7 70 1.0558859367405802 1.5413827198230852 60.50073794465768 1.2373475566717070e+03 7256.349925446991 284428.3228465019 13201.092613377368 2462.248681869291 nan 1.0   
8 80 1.0388071568721489 1.630030685452466 60.50073794465768 4.3404323113413767e+02 3310.464352964247 11987.336567819937 6274.575039625404 2617.802905693514 nan 1.1   
9 90 1.0097412780232837 1.6476010471557 60.50073794465768 9.0665224934001628e+02 4624.3949878562 15351.395471200625 6230.250003213934 1754.7783647400493 nan 1.2   
10 100 0.9661862561548463 1.6133922963383345 60.50073794465768 3.9862583809171571e+02 1099.4311102993959 4907.666221946669 1896.4218982293637 849.4993829543631 nan 1.4   
11 110 0.8793993905299956 1.6111742251962553 60.50073794465768 6.3060465014720350e+01 5617.395113411978 12753.58190895649 5901.8373670140145 2941.71198309344 nan 1.5   
12 120 0.837623644107693 1.7390662686912255 60.50073794465768 7.3809640899034218e+02 4812.21534116839 14147.855562954173 2863.7037341765326 2495.247428529161 nan 1.6   
13 130 0.7744021472440462 1.8194207410499028 60.50073794465768 1.4596312378850743e+02 2009.755851680845 98729.69984165223 1549.0284468646043 736.7784606980606 nan 1.8   
14 140 0.7237726155588077 1.859450509143846 60.50073794465768 1.6060379154790851e+02 3039.204927306352 28980.00586806752 2136.177872349678 1105.7118005335553 nan 1.9   
15 150 0.6892693471334013 1.8934171825858934 55.54801159682964 5.5548011596829639e+01 1681.9731636673314 5573.636787529555 1712.7815136146237 347.1152551230802 nan 2.0   
16 160 0.6849967104617394 1.9063655981366998 55.54801159682964 4.0918214025217912e+02 2423.7574265986477 17388.57715323257 1556.6809626902323 1511.3214806952624 nan 2.2   
17 170 0.6571188800771789 1.85738612974364 55.54801159682964 2.3160181640892310e+02 1788.5149854436452 10122.588913131829 4353.456233742358 895.299029627085 nan 2.3   
18 180 0.6171415841827688 1.8547826700646233 55.54801159682964 1.2109559305212288e+02 1044.958526588756 2706.2401366579697 1932.0208617711369 345.5397818681731 nan 2.5   
19 190 0.583334207057583 1.8918822178062669 55.54801159682964 5.0121106822161187e+02 1137.2626191405475 22502.075603052916 736.2622770588097 538.8191867829554 nan 2.6   
20 200 0.5435270252749028 1.8243008047937823 55.54801159682964 1.1095702331079545e+02 272.69925945788293 2602.8926455495775 772.6518843463999 147.53598700321461 nan 2.8   
21 210 0.5624410687328688 1.948400849703105 55.54801159682964 1.0023849501989181e+02 600.5898798381509 1989.0124259345494 541.7935349773362 191.6217097630998 nan 2.9   
22 220 0.5638811680818089 2.141954552142536 6.3550122247739 6.3550122247739003e+00 224.12083588717772 1043.1859164967095 531.7149058198512 149.63092557863038 nan 3.2   
23 230 0.5559507806084668 2.0945401307798863 6.3550122247739 9.1877685383883261e+01 341.4045572155653 3166.814989415805 985.3763610656324 145.7382416100757 nan 3.4   
24 240 0.49086767684428817 2.1721390198229855 6.3550122247739 6.9123481324821213e+01 203.22670851405076 6279.964476019896 323.39109823639984 143.1420436621783 nan 3.6   
25 250 0.47257647928454644 2.1692273219762375 6.3550122247739 2.2179129526115393e+01 162.70919058175275 6030.686553965728 921.7848121674033 114.1829128139429 nan 3.8   
26 260 0.47253799261209434 2.0851948285603394 6.3550122247739 4.5061833204800230e+01 253.2614900667718 2094.5623817366995 283.5406898181483 152.9482430089725 nan 3.9   
27 270 0.46888450195146053 2.108641764587514 6.3550122247739 4.0002765514206935e+01 361.71426608123124 1294.671439579591 732.3684847408583 163.96085781165385 nan 4.1   
28 280 0.4632409121410712 2.1275042245551976 6.3550122247739 6.0675439040348650e+01 477.31854549667355 2113.3080374102024 559.6073903236452 185.6741660841979 nan 4.2   
29 290 0.45600075207982516 2.207908080477793 6.3550122247739 7.6067299412378020e+01 273.5633664286563 2233.101262737139 307.55178812944814 80.77149666885995 nan 4.4   
30 300 0.4488184108923633 2.278504181002173 6.3550122247739 3.5370557823498423e+01 208.2209207400697 5324.444244871949 1488.645664759296 46.43409114764095 nan 4.6   
31 310 0.42885428606722886 2.3473505366512826 6.3550122247739 5.2044782757580300e+01 150.42195555127947 1088.446777961361 284.4649048356571 78.86776494004006 nan 4.7   
32 320 0.4031767339333425 2.390723787855455 6.3550122247739 5.2318753651441753e+01 156.4810115683717 4559.323662200575 133.96802830386247 78.3992585902263 nan 4.9   
33 330 0.40150039003787236 2.330547008130541 6.3550122247739 1.9231653573776999e+01 161.6456879048921 2592.154192020747 216.22363944177192 97.5255971246067 nan 5.0   
34 340 0.364873023068327 2.4577457647565013 6.3550122247739 2.4507710448069723e+01 291.8133333747567 1204.8250387533853 184.09788997900245 159.36167570459816 nan 5.2   
35 350 0.35763470945075426 2.5961569080742044 6.3550122247739 7.1444757590609234e+00 128.45315318135948 2509.781548229918 393.8637419312378 44.253134893789216 nan 5.3   
36 360 0.34665704091454536 2.667551639060888 6.3550122247739 6.9788237853646280e+01 298.13272245414896 3676.983524539571 222.9300500382193 100.61047569694058 nan 5.5   
37 370 0.3283734899720094 2.6669914345412393 6.3550122247739 5.0489969071662188e+01 370.30016781805887 1962.0711087374366 496.7108477317423 210.7188369344531 nan 5.6   
38 380 0.3100206622727328 2.8445654121410477 6.3550122247739 4.3664701662086294e+01 178.95973672526878 4716.2674185202695 353.98890830273183 86.68933204393433 nan 5.7   
39 390 0.278580053085352 2.9252761421360125 6.3550122247739 1.1925974486405153e+01 102.68512946411198 192.807329033013 78.61791090760937 51.40294690659427 nan 5.9   
40 400 0.25934644376677957 2.955242214195604 6.3550122247739 1.3511261654672051e+01 68.9777079255074 1510.5169222388768 124.6678348058227 41.0384483825528 nan 6.0   
41 410 0.235916696170608 2.952293586132399 6.3550122247739 1.5176426137729935e+01 55.40644134140656 250.89277783704335 54.071386854463356 27.360171485080432 nan 6.2   
42 420 0.21917600177267296 2.9541441096725567 6.3550122247739 1.1839641204976413e+01 83.38496698729662 145.27409014022697 82.82762671569927 19.54187064145741 nan 6.3   
43 430 0.22867840978017848 2.821767112139387 6.3550122247739 7.2261835152224014e+00 58.31536659600608 1312.212091063994 390.2628095845819 20.065949477125237 nan 6.5   
44 440 0.23690826893071523 2.798922791031092 6.3550122247739 1.5300995281247850e+01 35.66074901000574 494.33759753786313 92.41592363502767 24.483385819627532 nan 6.6   
45 450 0.24047565837508816 2.8749572355184827 6.3550122247739 1.8594257846894472e+01 61.8904800788954 508.798276446812 50.92659534946954 35.67765797218114 nan 6.7   
46 460 0.2312308678564519 2.896622197172415 6.3550122247739 1.5449658339329108e+01 35.413466979623 75.89027436767262 26.67571969427328 17.687485169622857 nan 6.9   
47 470 0.21766786649200945 2.9147933662712693 6.3550122247739 1.7467425699268599e+01 69.16227904126208 3730.945842234535 336.10180856610464 23.498629701944107 nan 7.0   
48 480 0.19277350201095536 3.0156859399747318 6.3550122247739 1.6725853517847629e+01 52.91704503451023 1360.139217871411 52.232109217201725 32.023973059427036 nan 7.1   
49 490 0.17425135546214443 3.01633298475255 6.224460434849252 6.2244604348492523e+00 53.982362672978425 540.8443211919421 62.64314422772517 45.10549046953285 nan 7.3   
50 500 0.17476713429891794 3.0566916020721653 6.224460434849252 1.4146955041379094e+01 41.19604284499035 418.24327732518657 52.19431881459981 29.634473482287003 nan 7.4   
51 510 0.1752320415934667 3.035322211243635 6.224460434849252 1.3116545940117311e+01 32.66203725696843 81.08822066826816 25.70276349958918 28.09841237422401 nan 7.6   
52 520 0.18036476277953362 3.0733136407270565 6.224460434849252 1.1263397893651662e+01 34.391013033465015 228.12278859814177 16.27181821692331 26.156918329933124 nan 7.7   
53 530 0.15627512585848727 3.2124388264175643 6.224460434849252 1.2600581192980471e+01 29.36082514783058 41.91284804525988 23.00761851136885 12.968813202133045 nan 7.8   
54 540 0.15830677285208905 3.2634082968198843 4.053969765003579 4.0539697650035791e+00 23.207536163294087 398.5894084021735 13.158112589474998 11.152935488522788 nan 8.0   
55 550 0.15535222622764522 3.2367052592285175 1.2864048781088524 1.2864048781088524e+00 29.584512555008804 113.12677510354516 59.35714604422011 11.244974658200897 nan 8.1   
56 560 0.15534885145356034 3.3483983871334315 0.7768211337273807 7.7682113372738071e-01 9.975389886916181 247.45631398253119 39.8215033393797 3.2616091358483086 nan 8.3   
57 570 0.15904116702849072 3.5047572712079336 0.046821540226675645 4.6821540226675645e-02 10.956304253250359 291.766184611137 13.555984932716026 1.2355108587666321 nan 8.4   
58 580 0.16390528496750173 3.5632423401447597 0.046821540226675645 3.3407143695068480e+00 12.123533459572231 140.98088004581936 5.625817708962618 7.9134732824819345 nan 8.5   
59 590 0.1609443602991004 3.7869918445790742 0.046821540226675645 4.7564660060450473e-02 7.788379864422799 29.468123913430876 8.487223263716546 1.1599343077444235 nan 8.7   
60 600 0.15981192958770452 3.787763733253856 0.027161951359523873 2.7161951359523873e-02 3.833490969828118 11.310522531539467 3.2995059653619396 2.3257267313368546 nan 8.8   
61 610 0.16117424889431856 3.820737110459091 0.027161951359523873 6.9471583578290896e-01 9.762030827968234 55.79049209404659 12.46166784741269 2.951785050014996 nan 9.0   
62 620 0.15656269529366085 3.897716272712642 0.0004990680842224326 4.9906808422243260e-04 10.841838252793142 26.132415329886214 14.983706235161671 0.846046899408416 nan 9.1   
63 630 0.1463018038241454 3.8335561195994146 0.0004990680842224326 5.0848475928776993e-01 4.996630992205616 165.6138369126613 12.991510186318374 1.9122862554190299 nan 9.3   
64 640 0.12653638717160295 3.8780392162556536 0.0002484818577511715 2.4848185775117152e-04 1.9588166790603911 13.462613364818264 5.552965516035007 0.6803573544171937 nan 9.4   
65 650 0.1137717957493999 3.8637733794300635 0.0002484818577511715 1.6129758327831409e-02 3.6179859212176257 113.40185028717373 40.72410751990806 1.8805138988789554 nan 9.6   
66 660 0.11131105218077626 3.7603764374096853 0.0002484818577511715 3.2720124931748210e-02 1.1573618870821065 9.333591526592834 4.3539351709086525 0.20364473609640626 nan 9.7   
67 670 0.10449495032041409 3.770278735113002 0.0002484818577511715 3.6537753533050173e-02 1.1087356459155575 6.358535806535459 1.191197593662917 0.45587704921487077 nan 9.8   
68 680 0.09388369943135033 3.7893611909340286 0.0002484818577511715 3.6929943264793591e-01 1.7169787016538351 5.68214481034327 2.708502332963108 0.6062715911054568 nan 10.0   
69 690 0.08450456680389652 3.8062869894425377 0.0002484818577511715 3.7837953447910307e-02 0.4358455329635551 0.8926416918824028 0.6399659746327224 0.055585484135861736 nan 10.1   
70 700 0.0767084982921989 3.960160075246884 0.0002484818577511715 1.8848377124589252e-02 0.13409392547195725 1.6218623449576905 0.18248921958392744 0.08667539942676204 nan 10.3   
71 710 0.07516537942863445 3.841535636992512 0.0002484818577511715 7.8206105333272964e-04 0.05740637840645057 0.4842261216925109 0.349590904346977 0.03540024174945949 nan 10.4   
72 720 0.07160787245693387 3.9216026649997637 0.0002484818577511715 4.6215911038998136e-03 0.3588987870249296 1.0770259213817646 0.19974236987548735 0.2082353132069059 nan 10.5   
73 730 0.07256468662234711 3.88583860866868 0.0002484818577511715 3.7002418126781390e-04 0.06554318729018052 3.7755066845671363 0.16087522083945832 0.03270376419096887 nan 10.7   
74 740 0.07852438612082244 4.090147730530734 4.8482074843054356e-05 4.8482074843054356e-05 0.4526614953177289 2.7428266592664943 0.9703885941426856 0.005982745210914179 nan 10.8   
75 750 0.07930378501522903 4.231785204624603 4.8482074843054356e-05 1.7269327192880961e-03 0.5241703136375939 6.584620042939431 2.0425219689132508 0.018156435801751133 nan 11.0   
76 760 0.07434421125981806 4.3180462518566936 4.8482074843054356e-05 2.4501549871838679e-02 0.5312232403275273 7.430001459696108 3.1089839886592636 0.06123420281498163 nan 11.1   
77 770 0.07805090456120554 4.382299689965361 1.9815686689294375e-05 1.9815686689294375e-05 0.32782165298968696 1.092134793853921 0.3858502960175301 0.050750990733980435 nan 11.2   
78 780 0.08380369148702052 4.648817226685797 4.0804637662980064e-07 4.0804637662980064e-07 0.5500030423740819 10.169846362812452 1.1458579114629586 0.15730396339520197 nan 11.4   
79 790 0.08627021249660226 4.61422021628007 4.0804637662980064e-07 3.3616827005014747e-02 0.17634282830183748 1.177910096673974 0.7206696178811921 0.05736187296281339 nan 11.5   
80 800 0.08602442974178616 5.141582027234465 4.0804637662980064e-07 9.5988636048972398e-02 0.4795735538316749 2.8083714765684076 0.7682020041143423 0.29902514996946405 nan 11.6   
81 810 0.0813746380923126 5.069383491324092 4.0804637662980064e-07 6.8128926805994963e-04 0.0592391711630134 2.7442932749336104 1.590423369697522 0.003528596221593263 nan 11.8   
82 820 0.07843842712819497 5.249840469453636 4.0804637662980064e-07 3.8764065239514957e-02 0.49073333434803046 1.5739388587911098 0.7486149601160419 0.1403453349384387 nan 11.9   
83 830 0.07524536979523949 5.496273713704389 4.0804637662980064e-07 8.4184430511699791e-03 0.102491784464508 0.33523264338543346 0.16490618352296132 0.05214824313739897 nan 12.1   
84 840 0.06849326022640823 5.478787537161098 4.0804637662980064e-07 1.6472024395400198e-03 0.15816308409048196 2.4271458826958368 0.6755117119479241 0.003225302291206217 nan 12.2   
85 850 0.059082087013194104 5.458862407485332 4.0804637662980064e-07 4.9148190431690794e-03 0.09190607493285288 1.305630752499928 0.2549867439393965 0.0070951029566163155 nan 12.3   
86 860 0.05177511234569496 5.524373589605287 4.0804637662980064e-07 8.0022423317052422e-04 0.09023972905546111 0.3564255031995652 0.2563263956576838 0.05229589252179006 nan 12.5   
87 870 0.0460782678395901 5.6371899017686635 4.0804637662980064e-07 1.1584479691097968e-05 0.11182781819621965 0.6746684694070519 0.24033270609994914 0.013856697383157885 nan 12.6   
88 880 0.04386385845893586 5.710191604990315 4.0804637662980064e-07 1.1418440285958823e-03 0.020597429585808524 0.16135009813392912 0.06589272150560273 0.002422510967101303 nan 12.8   
89 890 0.04181356356080211 5.9163717560269475 4.0804637662980064e-07 8.7684617986598672e-04 0.09269883905969947 0.8201020080917556 0.22123495002403648 0.013403403406235399 nan 12.9   
90 900 0.04067203663375774 6.333394460719507 4.0804637662980064e-07 2.5464557801466858e-04 0.009445032000543557 0.14302908480379614 0.0285472658221954 0.0013973855657342313 nan 13.0   
91 910 0.03956512957892626 6.649114897496947 4.0804637662980064e-07 3.6589993180290517e-04 0.013934543806200466 1.6657708484683147 0.017952162817770928 0.0006890150555256984 nan 13.2   
92 920 0.03645018588451344 6.803209313992219 4.0804637662980064e-07 2.5313113550273079e-05 0.011659709086644005 0.11849441682628532 0.018079778149763366 0.0061861342589385705 nan 13.3   
93 930 0.03586547845014419 6.9736086067375975 4.0804637662980064e-07 4.3195259917616565e-04 0.027034166431464477 0.1325399796173677 0.09085920961273972 0.002188370353808589 nan 13.5   
94 940 0.03473030160970699 7.728361353374247 4.0804637662980064e-07 1.5129382293592992e-04 0.00453676405242981 0.13380092710611874 0.008566459728053713 0.0012644025369476428 nan 13.6   
95 950 0.03211410245231551 8.458625799292394 4.0804637662980064e-07 2.2467062734054212e-04 0.037370544652895306 3.168842932599331 0.2501167869787823 0.003372576131548436 nan 13.7   
96 960 0.032444522614312826 8.815049461130958 4.0804637662980064e-07 2.0876190738106567e-04 0.0023570899058141803 0.02227938219545399 0.004106297619774642 0.0010358870290209617 nan 13.9   
97 970 0.032090831485402586 9.036657858566867 4.0804637662980064e-07 2.5490729350426301e-05 0.0063240430224760745 0.033270062333416776 0.012963708523356167 0.0009067441460611191 nan 14.0   
98 980 0.03382951340705302 9.149133868103558 4.0804637662980064e-07 6.6411529169420471e-06 0.0013247348578550508 0.003846356002237877 0.0020803086008829717 5.49491688770821e-05 nan 14.2   
99 990 0.03338796915893323 9.006139961924779 4.0804637662980064e-07 1.6015233382100507e-04 0.011945624080715566 0.08479353723971973 0.017492132368366414 0.0030586566925252345 nan 14.3   
100 1000 0.03392122479005866 9.457431806436617 4.0804637662980064e-07 1.6331355137703210e-03 0.015078769019584071 0.5782646196292723 0.14648994123661851 0.005680738121846084 nan 14.4   
101 1010 0.03579089544331433 9.711216748166807 4.0804637662980064e-07 2.2191846504818905e-03 0.018345289743300883 0.10196566881705826 0.02888883851307981 0.0077463632991999305 nan 14.6   
102 1020 0.03494500146364991 10.15718375651664 4.0804637662980064e-07 2.6837924471267349e-03 0.01276746590026477 1.765585299579794 0.5067541037298252 0.00947168103932835 nan 14.7   
103 1030 0.03356697478246555 10.22145346365233 3.153522325420148e-09 3.1535223254201482e-09 0.004806831864026884 0.04306280400509025 0.007798255995845687 0.00018492704966220692 nan 14.9   
104 1040 0.030908702582283506 11.033480707917679 3.153522325420148e-09 1.1673049775470636e-05 0.00517640504955634 0.02053246854303522 0.009189386665207055 0.0008666269066238392 nan 15.0   
105 1050 0.029648832591250687 11.420737997175157 3.153522325420148e-09 8.2463716146976325e-06 0.001455341927844969 0.06892312138525815 0.007946182694835392 4.570630886914025e-05 nan 15.1   
106 1060 0.02856845735214025 12.299975066460407 3.153522325420148e-09 4.1544605055388907e-04 0.0036586931667903846 0.013061613160679154 0.009990723836726103 0.0005110908794744937 nan 15.3   
107 1070 0.02588361948417645 12.612979874371634 3.153522325420148e-09 1.2689416398418334e-04 0.002510215202525332 0.00480424152314911 0.0025835022579392738 0.000786687091532788 nan 15.4   
108 1080 0.025174530609990847 13.038979429717122 3.153522325420148e-09 1.2404032466336470e-05 0.0003855714964591624 0.03409271067522025 0.001122042939761802 0.0001301718042305414 nan 15.6   
109 1090 0.023991390731871936 12.982696014220297 3.153522325420148e-09 8.0809373479866833e-06 0.0007656234117299491 0.022858771840128064 0.0026447816969211013 7.786991335320878e-05 nan 15.7   
110 1100 0.021888593705639052 13.922262741926641 3.153522325420148e-09 6.6738293732308699e-06 0.0027914712084657306 0.04347298825150387 0.0031874759037000444 0.0014038241303952598 nan 15.8   
111 1110 0.022375881437537208 14.117243369656924 3.153522325420148e-09 4.8909956180534476e-04 0.002672233491885464 0.0066586196092950365 0.003046053771689257 0.0007894239456813866 nan 16.0   
112 1120 0.022779822575329747 14.224564109643975 3.153522325420148e-09 3.2351625517045606e-07 0.0014527952087601177 0.01926798738396133 0.008078289356273985 0.0004038151556960471 nan 16.1   
113 1130 0.024025416861796395 14.396442059756362 3.153522325420148e-09 3.8228583217096213e-05 0.001003343034826942 0.02927363673713713 0.015016809446605554 0.00043643636768880075 nan 16.2   
114 1140 0.023969109107857097 14.131239803012937 3.153522325420148e-09 1.8254755355212157e-04 0.0032485214602850335 0.5040555311555296 0.007412270166315238 0.0007237187265024706 nan 16.4   
115 1150 0.025678495025386563 13.762343296721836 3.153522325420148e-09 2.4942019371446074e-04 0.005234960760254626 0.1704514813464607 0.03193484818142966 0.0005139476891625536 nan 16.5   
116 1160 0.023599736129869573 14.617857783831454 3.153522325420148e-09 4.1599666740075127e-04 0.0017121892623069574 0.21770781580593604 0.035745872958694705 0.0007027911875719847 nan 16.7   
117 1170 0.021439743396449756 14.717872810575589 3.153522325420148e-09 2.1949371506203648e-05 0.0060503490591085176 0.058547840597598724 0.007288080145135951 0.0005388290377537055 nan 16.8   
118 1180 0.025068282439645324 16.393492583113368 3.153522325420148e-09 2.1582621653091865e-05 0.0003166345097706168 0.015724278301967314 0.0010338847570658008 7.914723815716577e-05 nan 16.9   
119 1190 0.025629212207348116 16.543763063636383 3.153522325420148e-09 2.7127415022158995e-04 0.0016180569155084075 0.01847798986596781 0.008710147758360716 0.0007258634013406815 nan 17.1   
120 1200 0.025306352401225998 17.13732193104951 3.153522325420148e-09 1.5983729643707093e-06 0.0005779588880957531 0.0025919002898713997 0.0020106921560997543 0.00013707910713063303 nan 17.2   
121 1210 0.02404718432973472 17.578993617348832 3.153522325420148e-09 4.0395206863813286e-07 0.0004979315608991362 0.004395102710178724 0.0011671614780337926 0.00012761634300195086 nan 17.4   
122 1220 0.0223723681672793 19.04873224414152 3.153522325420148e-09 3.8370238385766002e-05 0.0010137115427053334 0.005945180034401877 0.001349776933209678 0.0002820955785329292 nan 17.5   
123 1230 0.020630310112206365 19.554027608000347 3.153522325420148e-09 4.0663844563850936e-05 0.001843678374255034 0.004578986627644059 0.002744498443188502 0.00029405246672281886 nan 17.7   
124 1240 0.018145753133541328 20.095274810202575 3.153522325420148e-09 1.1993481055981338e-04 0.0007142143199057626 0.004256834649091439 0.003346018163046238 0.00017026669621031853 nan 17.8   
125 1250 0.015500183617687022 21.10709086057974 3.153522325420148e-09 1.0442648833744839e-05 0.000271718634929208 0.0022916456245947775 0.001758667141948271 6.502975508962793e-05 nan 17.9   
126 1260 0.014029796335869562 22.29756962539753 3.153522325420148e-09 1.0064714010626501e-05 0.00020085188927429016 0.0015403386577550573 0.0007799645761437913 4.359327754549655e-05 nan 18.1   
127 1270 0.013666445553278898 22.698671734488414 3.153522325420148e-09 2.6001326246228619e-06 0.0002438299777882535 0.0017528068142556908 0.0003519280950932795 6.187450333873026e-05 nan 18.2   
128 1280 0.01385242028999466 23.979551216012393 3.153522325420148e-09 2.2444913151536859e-07 2.0738214515837487e-05 0.00030442422423488194 0.00013084541718461887 3.3045414804855722e-06 nan 18.4   
129 1290 0.012272659023319579 25.10476809842262 3.153522325420148e-09 5.5139609435413446e-07 7.757688523404746e-05 0.00026910020150014777 0.00014595090067054384 1.6130278917061274e-06 nan 18.5   
130 1300 0.011836985282183847 25.423556734958503 3.153522325420148e-09 2.6482148219021580e-08 7.643711931441577e-05 0.0002539450345652063 0.0001486996683069492 2.6771880693854752e-05 nan 18.7   
131 1310 0.011854343982908215 25.23099473588005 3.153522325420148e-09 4.7328929363921295e-06 0.00016031991801169443 0.0008802301089402626 0.0005758907445628095 6.122724149975832e-05 nan 18.8   
132 1320 0.011917365590819282 26.558192149850704 3.153522325420148e-09 4.2109399452518612e-06 9.389203354242547e-05 0.00041957434352087535 5.585394015212236e-05 4.406933531986959e-05 nan 18.9   
133 1330 0.012308107795214162 27.482832788853454 3.153522325420148e-09 1.9733008119748387e-06 6.063362447052102e-05 0.00026967397625869677 0.000117727998985202 2.7802990980093015e-05 nan 19.1   
134 1340 0.013161871834776554 28.08098082488826 3.153522325420148e-09 1.3534089318599594e-08 2.0922922475926674e-05 0.0004995864127781372 0.00033556033225727025 3.3147227938386323e-06 nan 19.2   
135 1350 0.014692134059654588 30.922798321045025 1.475350065438014e-10 1.4753500654380140e-10 2.3999498835976495e-05 0.0005282954826763534 0.00011329788829602529 3.1676977929308335e-06 nan 19.3   
136 1360 0.01379773620654472 33.33777926315231 1.475350065438014e-10 6.6004871984743565e-07 9.282558878511339e-05 0.0005537006587834453 0.0003094630352684247 7.993747480112265e-06 nan 19.5   
137 1370 0.013517796742609833 34.72228270178122 1.475350065438014e-10 1.6895502714539974e-06 9.413077474084591e-05 0.0008516154881548834 0.00013995878651277234 2.7534372112093696e-05 nan 19.6   
138 1380 0.012893695184077845 37.4360956962156 1.475350065438014e-10 2.7792467682104728e-08 1.3496787532760356e-05 0.00013398527930833813 3.096719549027951e-05 1.945714264533673e-06 nan 19.8   
139 1390 0.01144604474895769 38.12810843643138 1.475350065438014e-10 2.8985404902312194e-08 9.009442258272959e-05 0.0004341918618807066 9.653743355107459e-05 1.1061700644890689e-05 nan 19.9   
140 1400 0.01087738330167871 38.33317130132424 1.475350065438014e-10 9.8992933864334795e-07 1.4356730289447084e-05 0.0003325035503137023 0.00010385154688543634 2.462824250116542e-06 nan 20.0   
141 1410 0.01101483057329522 41.70309402103224 1.475350065438014e-10 1.3961131514775203e-08 1.823525205052298e-05 0.00028718926263346 6.0822619642935407e-05 6.445849278852472e-06 nan 20.2   
142 1420 0.011082417953200665 44.36324333194352 1.475350065438014e-10 2.1424286137577988e-06 7.496340018617053e-05 0.0005862991637885956 0.00013129903567254663 8.128594819104911e-06 nan 20.3   
143 1430 0.010779943872954945 44.128283783884655 1.475350065438014e-10 1.0918039246679669e-06 1.4757467229382142e-05 9.867291914880329e-05 3.420116552422148e-05 3.648906424128123e-06 nan 20.5   
144 1440 0.011232577488344995 45.16056172564364 1.475350065438014e-10 2.9056600296677903e-06 4.8496262672687696e-05 0.04192739683907975 0.0001927730670698222 4.866769943231459e-06 nan 20.6   
145 1450 0.011175491109814497 49.38657061270559 1.475350065438014e-10 1.4038033378395020e-07 3.3309480715763876e-05 0.03827177576398897 0.0005448195545249598 1.831865583372768e-05 nan 20.7   
146 1460 0.009839448243922605 50.10088409974543 1.475350065438014e-10 3.2048046199447433e-07 4.390055192103174e-05 0.00016140641101751351 8.623890865929563e-05 1.6448617585260895e-05 nan 20.9   
147 1470 0.009053772076655668 51.46518976748579 1.475350065438014e-10 2.1706405784492904e-08 1.1821991404690021e-05 0.00014963900808254442 9.435058856939774e-06 6.125258102833317e-06 nan 21.0   
148 1480 0.00892201847459972 51.931411703087946 1.475350065438014e-10 1.9020141523218205e-07 9.374720217036333e-06 8.715927660783237e-05 1.6688553385922972e-05 4.892653705660713e-06 nan 21.1   
149 1490 0.009263846670555007 52.716635769689326 1.475350065438014e-10 1.6326051997105569e-08 1.5744348390519928e-05 0.00013992712665354527 1.5970617459742872e-05 5.758431283458414e-06 nan 21.3   
150 1500 0.009432057823101001 54.24964623727105 1.475350065438014e-10 2.4723940486496008e-09 3.148481749366421e-05 0.00014795479422145737 0.00010376760129790578 5.3782865269224225e-06 nan 21.4   
