% # columns="iter, evals, sigma, 0, fitness, xbest" seed=754736, Mon Jun 29 00:42:35 2026, <python>{}</python>
1 10 0.992878427977987 0 192.17654357280477 67.94641104037902 61.03015871417355 25.950235647554557 9.025135477940372 16.628045292064073 31.839005246211475 1.532925763669688 2.1655334256434697 3.997932592753026 3.9116053454995274
2 20 0.9832483469745652 0 632.4763185088658 66.66159547550399 59.81503343241969 20.226515609634532 9.774750984725173 8.822327362729956 34.4389170684397 4.12978270470261 6.039084647292425 4.994012584450002 3.634271899795189
3 30 0.9781273671472069 0 60.50073794465768 74.18937135464904 55.03209528140405 28.748060801200793 19.206336412930014 6.46355722256484 35.212106585169494 2.8850693349705794 1.5562142898350926 2.6150586174698147 2.205965570285687
4 40 0.9728628774399902 0 182.5780158186621 75.7688052510407 55.816477798795724 38.53274106963454 10.780205288955225 10.279423306587322 26.68283219269404 3.988904285553785 1.7065835707330266 2.5946868979572706 3.95821670032249
5 50 1.023520575167267 0 1056.6717079000903 72.09760415491634 69.45291709580118 48.6331998232738 16.748988565097633 10.32753028695588 33.17648092806033 3.9540871071901744 1.0173066522210357 2.5541671814149662 1.4332572918360738
6 60 1.0229133958994134 0 435.8286530317604 75.63804725504883 57.47256827065499 40.12964193691203 23.362276876127638 15.558124617935661 26.27711272270656 1.3426517304737464 4.09820689331511 1.4313277414604568 2.3133009823689363
7 70 1.0558859367405802 0 1237.347556671707 69.7375758721495 61.400871120676236 59.950204569358746 24.489105092162358 19.577591247940088 35.26997556124244 1.4075536449946604 7.491125600139013 1.3949604644349094 1.6213951456026305
8 80 1.0388071568721489 0 434.04323113413767 63.43326982971989 45.52151814895794 45.144257759442155 19.941250663896675 8.945861989990618 38.74315917183441 1.9666040548807449 6.178190066219977 5.855986425363879 3.9266783540813077
9 90 1.0097412780232837 0 906.6522493400163 73.79764325201985 65.07686036077925 38.67674893921651 19.264649444540503 6.818016072785918 34.198574884322895 5.218828048077284 6.33572034054484 4.796596201139095 3.962464228155739
10 100 0.9661862561548463 0 398.6258380917157 67.15761336241746 62.220879923808745 33.66879442282036 17.652439554945904 10.545903008854866 30.83411678343647 2.581713306380155 7.152223241414799 3.8797586506852997 3.488813835345704
11 110 0.8793993905299956 0 63.06046501472035 54.06863841832141 54.26383238721936 37.53130435926833 25.22931774144606 8.234715234111398 47.180963171372454 1.5267208014950424 7.996605505212719 6.226921722817496 1.5050278326583149
12 120 0.837623644107693 0 738.0964089903422 55.555366742120526 56.4673198404235 44.017050276170316 25.177016048182413 12.625984162613094 33.94003598640958 1.5807146652620399 7.250657785963609 7.255543399580482 5.337809464311891
13 130 0.7744021472440462 0 145.96312378850743 60.11536601853593 48.63824416477022 36.195218621918386 21.083982168906896 9.917218861751262 42.10277549216329 2.171488864737469 6.485092374794892 4.1211218635080575 5.045547137604455
14 140 0.7237726155588077 0 160.60379154790851 63.67556532738759 51.24025457484209 26.907129800674106 12.568526589859111 8.158708709839807 33.947585257416854 2.008786201558287 7.821025238646102 3.691101088894918 1.274997478292884
15 150 0.6892693471334013 0 55.54801159682964 64.26899786661492 56.284425825192876 29.39243293523871 15.348539473401335 7.694728622933633 36.31359105884715 1.9432243563374554 7.4780566266718775 1.2688568852855346 3.626484068066077
16 160 0.6849967104617394 0 409.1821402521791 65.08686631581908 51.88136461976021 31.109525215120858 24.207748290468306 5.157115422617062 29.4299900101263 2.9557180493443433 7.797309066040799 1.3689655194501498 1.514644120695114
17 170 0.6571188800771789 0 231.6018164089231 63.09715224537597 50.55263206405983 34.81634842199965 20.019208105855242 14.250010616052876 34.52445327901691 1.9021876670684534 6.663826936892939 2.3967951475700424 2.0819133464155533
18 180 0.6171415841827688 0 121.09559305212288 65.26334554553534 50.65216683689988 39.03605242927458 22.131182286234353 20.678538556344456 35.8703623277557 1.0354389637464076 7.045103584418781 2.9511596269320615 1.2152027786697999
19 190 0.583334207057583 0 501.21106822161187 65.2055989013992 56.18655804495956 36.651137936701865 19.566233267848144 19.561188392123462 33.14935149666367 1.8316656542478555 6.870337875457604 1.5080677289537054 3.8343991530927592
20 200 0.5435270252749028 0 110.95702331079545 58.12387056418275 49.94182620239551 45.601746375296926 24.888851651222296 12.753264252163806 43.02918744473228 1.4040523538197764 7.315762401409982 4.561499743731108 2.532987762045087
21 210 0.5624410687328688 0 100.23849501989181 58.137027052597546 48.85665479945531 40.371031428169346 25.724310856982065 11.165929257636458 49.11042995930805 1.7909370713747355 5.461398563617061 5.012695411186719 1.0000997025783354
22 220 0.5638811680818089 0 6.3550122247739 59.69386451084277 52.08988436798077 34.160553877578124 21.79352835470995 5.00323722357163 49.22638873739889 1.6729908028546938 6.173526441075072 3.234863318987598 2.599777744010524
23 230 0.5559507806084668 0 91.87768538388326 56.082402080627304 49.34402667992393 48.11255737002074 30.054841739627335 8.48338156053608 44.316771469024296 1.5773494594662758 4.642435744859689 5.915251969760943 1.3856272919135548
24 240 0.49086767684428817 0 69.12348132482121 59.11076319356391 51.105218363937716 42.83375962533882 24.007823327643106 11.019100807224566 44.1135555867268 1.5323535876566428 5.109308178717081 4.788561432970555 1.7583343344863078
25 250 0.47257647928454644 0 22.179129526115393 63.033041616006685 52.343358427107425 33.85110841342214 17.601289233494068 10.746434862111784 43.113705094231726 1.278143689905163 5.3735488480747655 5.209757782331313 1.238048893661357
26 260 0.47253799261209434 0 45.06183320480023 63.13511688439937 52.616058477184474 34.4372917931972 14.174137581376607 10.605930809671062 40.997627886155385 1.8773002620669645 5.302172567595045 3.5640428467484493 1.0011256255641403
27 270 0.46888450195146053 0 40.002765514206935 60.68925105247843 51.73659387712682 43.04161569650559 23.28759693767241 10.193360879889461 49.45108776610489 1.4662804269516472 4.5708014115166815 2.994426368353735 1.0243861728320454
28 280 0.4632409121410712 0 60.67543904034865 62.90710644314771 52.17983545644703 42.53132157883249 19.355299365681223 6.3177943661071785 47.212157953133264 1.6220483902219884 4.240559416716204 4.60611118606423 1.1708156591043741
29 290 0.45600075207982516 0 76.06729941237802 58.45457794596309 50.1562041528478 40.24158771649536 24.018740716466326 6.936404854221781 49.93370829627677 1.9336295556989587 3.1737548377094207 5.921727649189749 1.1260437512748456
30 300 0.4488184108923633 0 35.37055782349842 62.924069846697826 54.27462806780457 36.96030254633862 16.419859975537012 7.091963390772137 47.93921091484187 1.862118810940117 2.7818128344511557 3.2169187208477688 1.2185069407544544
31 310 0.42885428606722886 0 52.0447827575803 61.13290218343315 51.56186170300287 43.29335512247249 14.21235505876011 8.732265966174662 41.27963873434061 1.8265038011636334 3.8076845029043067 4.216052708365446 1.0486570016040424
32 320 0.4031767339333425 0 52.31875365144175 59.487836282673676 51.45348608324125 40.81627702516149 14.960043335357762 5.6195075808132735 44.76346710106798 2.0205033464919047 3.4818532191737344 3.482018897527264 1.2429276415161892
33 330 0.40150039003787236 0 19.231653573777 63.688551808837005 51.024024495424555 33.37613884564581 13.995096836579728 7.9872564122919005 40.8011517210286 1.798058370656768 4.814819872533571 3.130661219769701 1.0354847687085353
34 340 0.364873023068327 0 24.507710448069723 59.46354138835981 51.03405554898571 42.194829391132735 14.104767159155106 8.347165381660691 45.53102283377055 1.6350368722578934 3.294015547364875 3.4203079394667606 1.3581956475685606
35 350 0.35763470945075426 0 7.144475759060923 64.36737583135636 53.57164110986707 34.471634984896795 12.420050060379523 13.926747103227747 39.96755963688244 1.268995378566601 4.860343479782294 2.591318857519612 1.0630471893116662
36 360 0.34665704091454536 0 69.78823785364628 65.5250545698556 54.1766350933705 41.33036336783614 15.02750108192799 10.765012141162078 40.31284950831907 1.8017642561998035 4.334616112828677 2.1664844357454007 1.6123267905830532
37 370 0.3283734899720094 0 50.48996907166219 66.35217860587558 55.85041875743751 33.63911257223064 15.390559910633977 8.768495271278397 37.560062341651594 2.372561962278237 5.475136314805805 1.9250702251441083 1.230928625213925
38 380 0.3100206622727328 0 43.664701662086294 63.21059091256988 51.880650231626234 36.77226848260395 13.348878259001175 12.192836854896374 37.57192032094718 1.3850622945247224 5.873813290926714 2.249769078110995 1.019271444401513
39 390 0.278580053085352 0 11.925974486405153 65.57547572380633 54.822270285748964 33.79110175271078 12.732310435325928 12.843623769713709 37.62642707339288 1.2817858321523303 4.538644937238715 2.6378553631506634 1.0175092693742547
40 400 0.25934644376677957 0 13.511261654672051 65.97670296482578 54.20539446129045 36.599969311527865 15.623448051530328 12.934765332835884 39.404580777681716 1.3802616749186187 4.475900324562918 2.4626173682798957 1.1281436150523891
41 410 0.235916696170608 0 15.176426137729935 64.61546172389382 55.31863286667957 32.795964695280446 14.107677927247352 14.712582490878905 37.61792761144497 1.1297730746308532 4.500203228663231 3.5380665849165203 1.0176253174110808
42 420 0.21917600177267296 0 11.839641204976413 64.20075029304587 53.54482261066256 33.27502989687245 13.27427081818753 11.504700116272698 41.167706195362314 1.2794826519630438 4.802628923461953 2.8631821896525054 1.0666770346449028
43 430 0.22867840978017848 0 7.226183515222401 65.11009799984173 53.98026490808379 31.52053905278889 11.263811195310405 13.51580911884537 40.14463223098863 1.3917251166208477 4.367736771919974 3.018563136471244 1.3673765392068609
44 440 0.23690826893071523 0 15.30099528124785 67.69967748495068 55.34335586416791 32.3717229174159 11.104207544236244 12.30212912633629 37.65814267367941 1.6276336168792294 4.171508573672028 2.4159547483096055 1.47195742728643
45 450 0.24047565837508816 0 18.59425784689447 66.97754897197404 53.52145828498021 33.8964308388592 11.015050152420677 13.690702466187517 38.93297264967959 1.5076801171050482 4.349341194558459 2.672143130015895 1.0199367770775012
46 460 0.2312308678564519 0 15.449658339329108 65.3169521097949 52.828884530633516 32.48380514295937 10.814393713870215 13.168464234987535 37.98398962952368 1.4453733510275224 4.705092578883317 2.5808436484619177 1.746696721844673
47 470 0.21766786649200945 0 17.4674256992686 65.57346658457786 55.98516329570681 32.1332694194026 10.188298053944779 10.389687816614643 37.34444969383518 1.6647864190760089 4.432897577446642 2.780605520360496 1.2311228676635415
48 480 0.19277350201095536 0 16.72585351784763 67.41262650050268 54.687315111449664 33.92019838992712 10.776022142804555 12.174202453757388 36.351812517398464 1.4669198589931502 4.808697734502722 2.5846386106203134 1.688620721189511
49 490 0.17425135546214443 0 6.224460434849252 65.86021102325839 55.09671888237073 31.148609081520853 9.596859480044207 12.10490845195819 38.94232134882953 1.4717647462854189 4.637382710604641 2.6487422392207804 1.536640778467763
50 500 0.17476713429891794 0 14.146955041379094 65.18485549689059 56.48340753537971 30.309104660155338 9.777280162165741 9.647936124784383 40.54013112531311 1.7320652112957318 4.395344308109438 2.7339208222471805 1.7273927956677695
51 510 0.1752320415934667 0 13.11654594011731 65.49715176875071 56.277122292320016 32.59449762868844 11.543660306011045 11.704530687810127 40.89543970917194 1.4266709716472021 3.701310614742402 3.022342604310395 1.007587469388806
52 520 0.18036476277953362 0 11.263397893651662 65.65330449509065 56.48747320110161 29.14374927939964 11.768522660710554 11.59304344583921 40.9944873186882 1.5357973893870784 3.8606978750399463 3.1393505492746683 1.1156336015573443
53 530 0.15627512585848727 0 12.60058119298047 65.56787144664779 56.01486409391633 32.71030771830309 10.49429095183409 12.418347037182022 38.210893823283925 1.4107924356657437 4.212272452000239 2.6460352296262846 1.4343102978597513
54 540 0.15830677285208905 0 4.053969765003579 64.90592323628239 56.97787778284185 32.06899110284758 11.742781861552546 12.957244312986461 39.313121894909855 1.2507498619332769 3.7013990856431445 2.2050437538034555 1.5435339439009446
55 550 0.15535222622764522 0 1.2864048781088524 64.51566842646844 54.64836163558806 32.82339914592802 13.222623935635797 12.56766980264847 41.26001560626552 1.3080380122982793 3.870367403010558 2.581059269594408 1.2429732846159118
56 560 0.15534885145356034 0 0.7768211337273807 65.44575535598852 54.51015556673149 30.371027283950994 11.3289567390327 13.673287418720374 40.32222053076149 1.223201244081809 3.8422349425647155 2.3916632041289 1.6349113990686521
57 570 0.15904116702849072 0 0.046821540226675645 65.85958144699445 54.10178238957105 29.895151756688282 12.84002964411928 15.171354198145465 39.91411811259087 1.0231563340674057 4.130821812270158 3.0347101456530394 1.3825284081714513
58 580 0.16390528496750173 0 3.340714369506848 66.47091106660756 55.224648421035035 30.37722356369754 11.611228657600533 15.383899834308702 39.58597041329873 1.1601069957766603 3.6492515143890287 2.5639132339549193 1.9046661200026143
59 590 0.1609443602991004 0 0.04756466006045047 66.54944527965006 54.575424263378125 28.743569261768084 11.887562271377531 16.2500099281682 39.776533297090715 1.0094479839641108 3.2858779221379457 2.79756373696116 1.2407674988009985
60 600 0.15981192958770452 0 0.027161951359523873 65.81221111240737 54.450270281452 29.39559598657039 13.040772944915496 14.030407621860977 41.247630671621316 1.1126948988686962 3.701638378396529 2.6544012537919857 1.5392254075944427
61 610 0.16117424889431856 0 0.694715835782909 65.38345137622917 55.32262351442098 29.536601712558006 15.173546438582232 14.830456329510294 41.313176406835765 1.13733332455089 3.513884995201277 2.2132308392050977 1.3546414112281253
62 620 0.15656269529366085 0 0.0004990680842224326 65.79310156262501 54.93143610603799 27.59999393242767 12.616362466487745 14.12633993668057 42.16262040695964 1.1376097493575257 3.360195433058527 2.942241570366779 1.1345578003629215
63 630 0.1463018038241454 0 0.5084847592877699 66.353078486581 55.653035503035916 27.309899731377037 12.149288060474333 14.864467816149368 41.54565089041712 1.0129975317672977 3.610674683932409 2.798071985720575 1.2568274701520987
64 640 0.12653638717160295 0 0.0002484818577511715 67.37872324722542 55.58357128032483 27.399400005175902 13.65627744675316 14.686660779737974 40.794880055370704 1.0980192098215276 3.6875602387404687 2.1998156235531465 1.2817886277787538
65 650 0.1137717957493999 0 0.01612975832783141 66.39371594936702 55.140111328382936 27.487120038376023 13.758508274821661 15.849626669218383 41.555715159292646 1.0000815850506937 3.4710961197632084 2.641013674182466 1.4859569332427816
66 660 0.11131105218077626 0 0.03272012493174821 66.2705766380591 54.6048293193238 29.664527851474418 14.376319583418507 16.111472412236104 41.54407745765712 1.026518225774742 3.6267090740403507 2.3303859512495144 1.3731853772180806
67 670 0.10449495032041409 0 0.03653775353305017 65.94555498938726 55.2193694191611 29.45808863246766 13.140254630166353 16.003763355111186 41.532648844922406 1.0733693818385421 3.466716384282952 2.368552453006002 1.517129292533359
68 680 0.09388369943135033 0 0.3692994326479359 65.57248907165977 54.577245855963184 28.73942398336642 13.443506987326716 15.37412765537129 41.342500055742846 1.0071079624508872 3.671934989012449 2.736638319710008 1.3642262224837984
69 690 0.08450456680389652 0 0.03783795344791031 66.014774154057 54.96905971510705 28.375553189724435 14.462753960444587 16.319650868326686 42.42638846634777 1.0313012142065354 3.2438953125253907 2.4829918407532543 1.3623522303334932
70 700 0.0767084982921989 0 0.01884837712458925 65.4039680902239 54.92486773662929 29.253613579965773 13.32280095410962 15.1519569033804 41.50609333789518 1.0505831977996725 3.363402733845044 2.713882108205227 1.4497325856776164
71 710 0.07516537942863445 0 0.0007820610533327296 65.73330549899968 54.00528083442437 29.81063977840156 12.979991424905428 14.961816277058539 41.04805095275048 1.0802566595585157 3.8244116273414637 2.8232514544534877 1.6186320245462906
72 720 0.07160787245693387 0 0.004621591103899814 65.42492774743863 54.33955659612609 30.34858818827425 12.726867096979266 15.02247638939729 41.682263555263624 1.0224719958613837 3.535876397182312 2.777649688593944 1.5079407662963142
73 730 0.07256468662234711 0 0.0003700241812678139 65.59242851753818 54.26222074930705 28.8337080076349 13.328895532403534 14.999283448216241 42.74051777452242 1.015220129941361 3.437792690573586 2.930266081077301 1.5420492813850442
74 740 0.07852438612082244 0 4.8482074843054356e-05 65.66381146631399 53.77858854678941 30.024779074781627 13.806194340303561 14.96167466920279 42.27911247544371 1.0017924599849342 3.405883367897406 2.941331594387714 1.5004683368013332
75 750 0.07930378501522903 0 0.0017269327192880961 65.6540855234898 53.81992150239574 29.689014376719495 14.13004367089309 14.935038763220227 43.23794300221236 1.003548970703687 3.470507330942848 2.7820875114262313 1.5877645641095302
76 760 0.07434421125981806 0 0.02450154987183868 65.79254025471351 54.192889676566594 29.664723998512315 13.706028094242916 15.324173030905715 42.77079563760301 1.000142816596011 3.3767734962813627 2.7860049725695815 1.423613197915351
77 770 0.07805090456120554 0 1.9815686689294375e-05 65.07865501406576 54.19222912381359 29.42141688230647 13.07535887274484 13.659730873544442 43.04426853588208 1.179473469025782 3.5351657150262294 2.8366993026188383 1.672261449058416
78 780 0.08380369148702052 0 4.0804637662980064e-07 65.52110779880482 54.058940345116284 29.317985664838513 12.775231787652935 13.603052129540913 42.607033007728354 1.2198552231318127 3.9132988698330013 2.6704229547955722 1.716523303529651
79 790 0.08627021249660226 0 0.03361682700501475 65.23898143517225 53.90544258756599 29.20778919176271 13.026953811173225 14.051394441478395 42.564260746632726 1.1184219008313736 3.936941295041599 3.100466098202202 1.629428204531517
80 800 0.08602442974178616 0 0.0959886360489724 65.66332205811467 53.955186056276965 29.137236356015237 14.646740061840916 14.774224393611224 43.22318407393516 1.025613033135834 3.830708470614102 2.7740334653919008 1.8330734142627398
81 810 0.0813746380923126 0 0.0006812892680599496 65.38621912603978 54.00236348919536 28.24653499841242 13.521052929505183 14.318975807026973 43.00576077719814 1.093495365630649 3.7759098973569856 3.031250079941364 1.8265687610922219
82 820 0.07843842712819497 0 0.03876406523951496 65.39032247802179 54.000784792103204 29.20843563741952 14.505464198998864 14.563325585033265 42.841738031401114 1.0132480254815859 3.8927095462740517 2.7575606513914255 1.7928572319418918
83 830 0.07524536979523949 0 0.008418443051169979 65.12401648725505 54.307005641899174 28.48165440013759 13.171860537514473 13.603677571573208 43.47198299969781 1.179385393357526 3.790269371492732 2.784572847817054 1.8107566644033508
84 840 0.06849326022640823 0 0.0016472024395400198 65.41888475192192 54.05092556725995 28.409452661450125 13.977992397897877 14.222642474011309 43.59560397086241 1.0383285039644181 3.7355301381470944 2.897028802489925 1.847680471152637
85 850 0.059082087013194104 0 0.004914819043169079 65.74502415764717 54.55462249295318 27.977063494209215 13.759458283085557 14.566714508859087 43.33081789403604 1.0591199152017112 3.688132036072366 2.6676887382374055 1.6869544677839232
86 860 0.05177511234569496 0 0.0008002242331705242 65.61725645702464 54.53828534516622 28.13507902976445 13.860641493745895 14.200155676572948 43.062630982701776 1.1204670620494002 3.934987674940629 2.661865428470212 1.6700998112366032
87 870 0.0460782678395901 0 1.1584479691097968e-05 65.57973922377002 54.18382984113245 28.035266896513875 14.239444716440374 14.314793975426976 43.16433790228227 1.082786166425828 3.864361025189055 2.85198446007143 1.7848721586651828
88 880 0.04386385845893586 0 0.0011418440285958823 65.34081711065296 54.16859175567881 28.96101345145984 14.380977683888469 13.792118595070743 43.259874184299754 1.0934930408407588 3.786760559070263 2.7632022703164933 1.8504569618333648
89 890 0.04181356356080211 0 0.0008768461798659867 65.24100307258942 54.044688423732495 28.91569156421878 14.345849594026415 13.765343058409023 43.54310003495043 1.0617007872413597 3.6684587397178383 2.883127243377182 1.819172403560448
90 900 0.04067203663375774 0 0.0002546455780146686 65.71325676813485 54.385486414121566 28.83028864740612 14.312777603057645 14.287841926894028 42.83558746922015 1.0365683901457388 3.7354053581175997 2.6261725458882488 1.8894880407101498
91 910 0.03956512957892626 0 0.00036589993180290517 65.64806184783387 54.51886209769968 28.694203359878713 14.427105595263017 14.51877572999586 42.886844879432125 1.0087058315005941 3.672226788792768 2.6515873629826796 1.820258571236231
92 920 0.03645018588451344 0 2.531311355027308e-05 65.62390690202481 54.08805631293421 29.073799244121247 14.002296936944173 14.295958969184504 42.644683447572824 1.063858454122878 3.834709331332675 2.7084759718653086 1.8961704018483672
93 930 0.03586547845014419 0 0.00043195259917616565 65.79163137417024 54.488421727404805 28.91045273246267 13.856162144762498 14.48462973043779 42.38393056255809 1.0396345348098175 3.7037913633341777 2.600440672336929 1.8752355878689833
94 940 0.03473030160970699 0 0.00015129382293592992 65.6528812977478 54.38660536167699 28.92184066234063 14.067648351155286 14.560438588963098 42.88017558044567 1.0012386149716248 3.6101474978725037 2.7030997163222525 1.7637794945203498
95 950 0.03211410245231551 0 0.00022467062734054212 65.74667809691057 54.44778775217015 28.425662412542195 13.86648634551395 14.472225013849805 42.87759184660449 1.058586671022359 3.738311836153448 2.6643535659220454 1.8279137026121524
96 960 0.032444522614312826 0 0.00020876190738106567 65.77547065251255 54.66201630360326 28.209814146973294 14.53196492793785 14.661698789749977 43.107111982334175 1.0154586754513397 3.59213528740918 2.61411622492562 1.875874901684825
97 970 0.032090831485402586 0 2.54907293504263e-05 65.79842458566083 54.47249612198769 28.108322605573594 14.323033723688502 14.79128483285545 43.07611916419457 1.0206584196787416 3.6006605735423403 2.6842445596596867 1.9041933265766493
98 980 0.03382951340705302 0 6.641152916942047e-06 65.76445017531432 54.281389667331766 28.24903710641018 14.439270731458254 14.81901772889881 43.14083197730104 1.0317738892946848 3.746155357241676 2.7230452372256875 1.8073011097993976
99 990 0.03338796915893323 0 0.00016015233382100507 65.8705121116289 54.3060828339085 28.194440847754905 14.594593612648774 14.994761589838072 43.120525238838766 1.00501351928916 3.6366011212738645 2.7095387885582007 1.856545933761924
100 1000 0.03392122479005866 0 0.001633135513770321 65.99448162243645 54.28713621460584 28.08177370238432 14.367701192428484 15.22437570920345 42.76752371887021 1.007567797167116 3.6853676639396866 2.703918936212512 1.8238209869831787
101 1010 0.03579089544331433 0 0.0022191846504818905 65.89834030956153 54.18250487517971 27.819210975272508 14.589161556747163 15.050250852039959 42.977431799785435 1.0224325369618408 3.7765311183017367 2.7867507242122596 1.9289094813449943
102 1020 0.03494500146364991 0 0.002683792447126735 65.56433817033823 54.28375290239702 28.192096457408546 14.43314136717501 14.824109152026214 42.958073751441354 1.0519493364319437 3.8207721202266516 2.8341287303570466 1.7883437029149698
103 1030 0.03356697478246555 0 3.153522325420148e-09 65.57270149617213 54.05639786112895 28.336317045289835 14.724391577940699 14.893659213397 43.208823989446465 1.0428035779181408 3.750818989902317 2.8374499647891023 1.8481129770721203
104 1040 0.030908702582283506 0 1.1673049775470636e-05 65.66865118249608 54.24657713710893 27.828300190394984 14.86770415181202 15.096144833708465 43.30929214316998 1.0263324267369087 3.6782766871659334 2.8138271458230086 1.892281266447398
105 1050 0.029648832591250687 0 8.246371614697633e-06 65.61425594433577 54.19963413501555 28.05943675511309 14.53974794173089 14.927868528744046 43.05024987837776 1.048411367185054 3.7854367077083797 2.810827312285631 1.9160517965769757
106 1060 0.02856845735214025 0 0.00041544605055388907 65.79207544688134 54.551803391189125 27.462937736522175 14.672346031049212 15.119905491908161 43.35061302975647 1.013007380904251 3.675122793719529 2.7379673553058113 1.8698248409151155
107 1070 0.02588361948417645 0 0.00012689416398418334 65.61016161424811 54.16237122931155 28.121751823273257 14.68349448007688 15.185489998156678 43.09224659840185 1.023569403512576 3.7308681731097693 2.8557602103531363 1.835326482213611
108 1080 0.025174530609990847 0 1.240403246633647e-05 65.84743605087873 54.49607043723738 27.415232820642117 14.678896679945906 15.26953780390477 43.102193301227196 1.0268910371566629 3.647738805974024 2.7650864117875424 1.8239428904761752
109 1090 0.023991390731871936 0 8.080937347986683e-06 65.68948068662282 54.323456395354356 27.52289592618993 14.913244310609874 14.977554159177949 43.54760699062338 1.0196249971422948 3.592769247127098 2.8412548559030792 1.8828644464317432
110 1100 0.021888593705639052 0 6.67382937323087e-06 65.74022008364318 54.36657707091607 27.649844105545306 14.881420883524534 15.260304597299989 43.179475961693214 1.0287963636308237 3.6795824604381764 2.786984892812376 1.844793791186452
111 1110 0.022375881437537208 0 0.0004890995618053448 65.7462373380176 54.35480668047755 27.482551846270155 15.091937016381653 15.258531611562749 43.30722287051932 1.0180969127871984 3.6554887778196505 2.8216057762672784 1.8670262166815303
112 1120 0.022779822575329747 0 3.2351625517045606e-07 65.6624550378002 54.232463114032484 27.444507365121147 14.94486315215811 15.405438680492447 43.38012245065405 1.0171463785365396 3.7458906294896472 2.8822036999148737 1.8623247853303937
113 1130 0.024025416861796395 0 3.8228583217096213e-05 65.6525536872933 54.113560818544066 27.614343038070302 15.205705087041624 15.376553358719663 43.39051002829866 1.0260007707944483 3.745619154797369 2.873792270554842 1.9162719916429871
114 1140 0.023969109107857097 0 0.00018254755355212157 65.65342624260607 54.14823022501571 27.553515418811973 15.129363831909265 15.312783227466413 43.40740262072992 1.0302611984115788 3.7823060605944985 2.863781115996709 1.8803134388512939
115 1150 0.025678495025386563 0 0.00024942019371446074 65.7340150542331 54.15385721672714 27.240704378798036 14.982925533594823 15.823827295368975 42.960762751949595 1.011470087623419 3.82197837260194 2.9346331947058726 1.9744783587748984
116 1160 0.023599736129869573 0 0.0004159966674007513 65.75993832792133 54.3053017282769 27.46629016789592 15.112959318098024 15.49898693990809 43.26273120249118 1.0142873751409427 3.690639172648181 2.817198158561823 1.9132764930741237
117 1170 0.021439743396449756 0 2.1949371506203648e-05 65.6823812720753 54.139132809585156 27.636921785597004 15.298945171822833 15.519620819782725 43.422599019371354 1.0079055623345214 3.6773948989211007 2.864469351472283 1.9037294766633341
118 1180 0.025068282439645324 0 2.1582621653091865e-05 65.47431638304808 54.10915180364494 28.106684975070113 15.465270417586297 15.352804878336174 43.648364612645125 1.0092498968673678 3.6904391369166216 2.8267491242569696 1.9059702607888043
119 1190 0.025629212207348116 0 0.00027127415022158995 65.58929719114862 54.26614480969383 27.438260142496826 15.446356310982328 15.349363845003165 43.79152931473817 1.0167716464901293 3.6269555947984937 2.8334905909937187 1.917204925703016
120 1200 0.025306352401225998 0 1.5983729643707093e-06 65.66946144766843 54.2304567048161 27.423366974423644 15.399267854894502 15.550495460868849 43.327282283572515 1.0209723889982167 3.7421204515453166 2.834756672877268 1.9883337731543038
121 1210 0.02404718432973472 0 4.0395206863813286e-07 65.48647182681859 54.30918021583085 27.539050499998382 15.500383819179811 15.261588225830947 43.819065909044085 1.0185219414358941 3.585950087725289 2.8636499237446356 1.8574004207428383
122 1220 0.0223723681672793 0 3.8370238385766e-05 65.63121162389572 54.30133586487231 27.502250877935026 15.53525331607611 15.38897744114697 43.56972218962529 1.0098713493494846 3.6194406680692843 2.82766695217319 1.926389152941325
123 1230 0.020630310112206365 0 4.0663844563850936e-05 65.50462367868509 54.25263531660462 27.6014368551695 15.47159270132177 15.232742434224779 43.70760279629082 1.016956127535594 3.6448703670743114 2.857782370650969 1.9458931083847801
124 1240 0.018145753133541328 0 0.00011993481055981338 65.60219188846342 54.16826704200888 27.608465933852532 15.257705789690684 15.428224600221856 43.48513894862734 1.016679857176881 3.6898338195412137 2.864419473727418 1.9346023909260304
125 1250 0.015500183617687022 0 1.0442648833744839e-05 65.66738747970201 54.24256894170111 27.553590201632428 15.396798066533359 15.624501018350262 43.378193485966605 1.0049800743354331 3.688206738861611 2.8282892779321327 1.9504429924482805
126 1260 0.014029796335869562 0 1.0064714010626501e-05 65.67476762574847 54.38249196391777 27.40824258115214 15.435995423164021 15.384763677827928 43.63418744272399 1.0117157551069507 3.668406523120943 2.7713617614267543 1.9481589258534393
127 1270 0.013666445553278898 0 2.600132624622862e-06 65.69186090978734 54.37054583992265 27.4732985130804 15.39339205003899 15.448556574070357 43.456726806910865 1.0094996187141851 3.698984829358759 2.7805113912597266 1.9122093787560182
128 1280 0.01385242028999466 0 2.244491315153686e-07 65.63901334334541 54.20356772365297 27.358064170630065 15.532803562666407 15.653769533005544 43.44481956418814 1.0186385614935154 3.752780123425598 2.8587399525575465 1.9357972570505655
129 1290 0.012272659023319579 0 5.513960943541345e-07 65.72309363511796 54.34888938013956 27.286892853330865 15.352022218510816 15.495344841645469 43.493915137974035 1.0169655615301452 3.6851598205687655 2.8012700750549193 1.9232966800368707
130 1300 0.011836985282183847 0 2.648214821902158e-08 65.70226121445882 54.3707535573497 27.280006794054028 15.484650841177858 15.48451314467911 43.601982767723484 1.0078758082503019 3.693823952278624 2.7893927364270907 1.9377472079574427
131 1310 0.011854343982908215 0 4.7328929363921295e-06 65.69405045145571 54.38722854526603 27.38468965005011 15.40822000707567 15.461030145426829 43.552895362644975 1.0054065906404734 3.663108471684044 2.7848814303053624 1.9233087483236375
132 1320 0.011917365590819282 0 4.210939945251861e-06 65.66578636082238 54.38192180973613 27.491994358392198 15.44347392348958 15.44170505799621 43.52089864740177 1.0075807440831934 3.6991161862485082 2.7757301213128036 1.902287994056245
133 1330 0.012308107795214162 0 1.9733008119748387e-06 65.68388966406015 54.36446821916578 27.302417286840548 15.626134808874864 15.579444044103626 43.58413938929235 1.0052339206207104 3.708343433132878 2.783164774520067 1.9534175056371406
134 1340 0.013161871834776554 0 1.3534089318599594e-08 65.63403851085435 54.30229269895149 27.255954168928945 15.511452316994596 15.46766499749116 43.51495140570907 1.0163700983949537 3.7407733816638267 2.8406098682383027 1.9676102096702983
135 1350 0.014692134059654588 0 1.475350065438014e-10 65.66418843208946 54.30458281096512 27.06962218816163 15.577842920764684 15.70996109986265 43.5326830714049 1.0129419624433176 3.739275303168064 2.854428726656405 1.9508894940906119
136 1360 0.01379773620654472 0 6.600487198474357e-07 65.6799899623752 54.32258605603624 27.139121612090467 15.559514584274858 15.716956817873529 43.39149688469268 1.0100704567338035 3.751009023427482 2.8445162607043146 1.9557052034263152
137 1370 0.013517796742609833 0 1.6895502714539974e-06 65.6227900789503 54.253708360808936 27.179379395188754 15.66583809891538 15.732080363860879 43.44311656273831 1.0121635750174387 3.780451173623037 2.873387383413379 1.9440142022217595
138 1380 0.012893695184077845 0 2.779246768210473e-08 65.65589108961262 54.33036472499998 27.079354138698942 15.648856557054822 15.655111459123427 43.45398983116148 1.00683439975081 3.7470077741222454 2.8645208705101566 1.9404884198567045
139 1390 0.01144604474895769 0 2.8985404902312194e-08 65.64528246570887 54.27529669823537 27.130934085103778 15.562904868641873 15.724047427598306 43.46182808189332 1.0098626438281897 3.7449932399635166 2.872159198529993 1.9616648712139142
140 1400 0.01087738330167871 0 9.89929338643348e-07 65.63333849954759 54.24571036273608 26.98292301852449 15.609010713763277 15.721912638948993 43.47069016930546 1.0202486024476674 3.785205743331918 2.8963189006057783 1.983636814821214
141 1410 0.01101483057329522 0 1.3961131514775203e-08 65.69057537582356 54.237420936490736 26.98366938018667 15.676815544982455 15.833619948798445 43.503950131356895 1.011506858656091 3.7920513318924876 2.868749231275777 1.9849971562391604
142 1420 0.011082417953200665 0 2.142428613757799e-06 65.68790350014642 54.320776217245054 26.961255377725507 15.524988596382642 15.741474430623736 43.41155364425653 1.0224037924871658 3.7843529073438766 2.8482187588300594 1.9905919502918352
143 1430 0.010779943872954945 0 1.091803924667967e-06 65.63448324986356 54.231926738501954 27.107906944646576 15.544671654581725 15.682504960101149 43.41353562533723 1.0199713288746273 3.816899624077271 2.8776027100129076 1.9993091668475618
144 1440 0.011232577488344995 0 2.9056600296677903e-06 65.62388130092025 54.19593341897204 26.921229257754565 15.575742391316846 15.792899236366004 43.340801782766874 1.024118367911328 3.865215506717581 2.921358757141282 2.0373232730649926
145 1450 0.011175491109814497 0 1.403803337839502e-07 65.64580702108724 54.360927213567315 26.968016641706892 15.53895435809794 15.632293556444576 43.45086032257189 1.0214505112423264 3.7979065159560257 2.8486302126494145 1.9849621827109365
146 1460 0.009839448243922605 0 3.2048046199447433e-07 65.62698726741296 54.26714699819739 27.07269970662911 15.590590345677771 15.6564762209021 43.43846917970388 1.021795474336804 3.830405633135447 2.8674416978651847 1.9871803223093052
147 1470 0.009053772076655668 0 2.1706405784492904e-08 65.68763554774489 54.33427886543666 26.92218471212116 15.6163561707261 15.745125212103197 43.455971607161416 1.0194770101286474 3.7967329097647955 2.8434731645301903 1.9891430783720823
148 1480 0.00892201847459972 0 1.9020141523218205e-07 65.67235821617585 54.29999095123776 27.01951577822381 15.50313710360747 15.642403701299342 43.43870578013316 1.0177746842054707 3.8040718181575137 2.8560835082087337 1.9988008795439822
149 1490 0.009263846670555007 0 1.632605199710557e-08 65.6996286746409 54.38492202137196 26.997588114770267 15.496777332324314 15.578126142313046 43.44655940592592 1.0170131848623192 3.791048064127967 2.818020749665803 1.9990066337805168
150 1500 0.009432057823101001 0 2.472394048649601e-09 65.67424692854037 54.397744644566814 27.114905273823755 15.500131903714617 15.529146577404475 43.520919839861584 1.0130756597702613 3.7553275253462406 2.8077484764507123 1.9717537986757803
150 1500 0.009432057823101001 0 2.472394048649601e-09 65.67424692854037 54.397744644566814 27.114905273823755 15.500131903714617 15.529146577404475 43.520919839861584 1.0130756597702613 3.7553275253462406 2.8077484764507123 1.9717537986757803
